 1.000000e+00 -4.169300e-02 -1.362730e-02  1.243090e-02 -1.087330e-02  9.367240e-04 -1.251840e-02  3.498510e-03  1.838980e-02 -2.278500e-02  9.615330e-03 -6.968370e-03 -1.400950e-02  2.434130e-03  2.347160e-03  3.887370e-03 -1.305870e-02  1.086380e-02  4.159070e-03 -1.691630e-02  5.658320e-03 -6.143270e-03 -1.832810e-02  2.109500e-03  6.287820e-03 -7.375050e-03  7.520490e-03 -2.029410e-03 -7.310570e-03 -7.684160e-03  1.035610e-03  7.239090e-03
-4.169300e-02  1.000000e+00 -1.123570e-02 -7.884080e-03  1.584130e-03 -6.597210e-03 -7.409980e-04 -2.478470e-03 -7.879040e-03 -5.013760e-03 -9.016040e-03  9.548630e-04 -1.019000e-02 -6.566820e-03 -1.157730e-02  4.379310e-03 -4.155990e-03 -1.889740e-03 -6.061270e-03  7.433070e-04 -7.481960e-03 -1.198770e-03  8.256010e-03  5.793320e-03  2.828600e-03  1.392990e-02  1.048610e-02  2.903500e-03 -1.130170e-02 -1.742860e-03 -1.976740e-03  1.718570e-03
-1.362730e-02 -1.123570e-02  1.000000e+00 -3.493070e-03 -4.214790e-03 -5.035440e-03 -1.558300e-03 -1.155490e-03 -7.823660e-03 -2.968420e-04 -1.048670e-02 -1.056340e-02 -6.327060e-03 -9.198790e-03 -7.124680e-03 -7.605860e-03  1.424750e-03 -7.483140e-03 -3.396560e-03  2.762530e-03 -8.896220e-04  8.270000e-04  3.140800e-03  1.458140e-03  2.034830e-03  5.778520e-04 -5.027940e-04 -2.295670e-03 -1.000780e-03 -2.904670e-03  1.637990e-03  3.014630e-03
 1.243090e-02 -7.884080e-03 -3.493070e-03  1.000000e+00 -1.326380e-02 -6.613480e-03 -7.209890e-03 -5.671060e-03 -1.053320e-02 -5.856820e-03 -2.569220e-02 -9.664790e-03 -1.398940e-02 -9.294350e-03 -1.238590e-02 -5.419610e-03 -9.842500e-03 -9.386330e-03 -6.586880e-03 -5.419710e-03  5.068730e-03  3.197740e-03  2.430700e-03  4.113830e-03  3.946450e-03 -8.247650e-04 -3.080130e-03 -5.775410e-03 -2.305320e-03 -3.123710e-04 -3.455390e-03  7.012400e-03
-1.087330e-02  1.584130e-03 -4.214790e-03 -1.326380e-02  1.000000e+00 -1.572230e-02 -7.634360e-03 -1.670250e-02 -1.444820e-02 -1.608670e-02 -2.822160e-03 -1.291150e-02 -3.019460e-03 -8.563200e-03 -1.302330e-03 -1.686870e-03 -4.957350e-03 -4.639280e-03 -1.050330e-02  1.046500e-04 -9.246470e-03 -6.810960e-04 -2.278630e-03 -1.563040e-03 -4.223020e-03  6.407370e-03  5.063510e-03  1.955560e-03 -6.514850e-04 -9.086960e-05  5.873940e-03 -2.888820e-04
 9.367240e-04 -6.597210e-03 -5.035440e-03 -6.613480e-03 -1.572230e-02  1.000000e+00 -2.266280e-02 -2.439420e-02 -2.905770e-02 -1.317710e-02 -2.559800e-02 -5.365440e-03 -1.353680e-02 -4.063710e-03 -4.285150e-03 -3.411250e-03 -2.336400e-03 -4.526490e-03 -5.131430e-03 -1.228150e-02 -3.334710e-03 -5.528080e-03 -7.971560e-03 -2.080490e-03  8.815890e-04  1.197130e-03  4.382890e-03  2.917070e-03  3.886930e-03  6.099380e-03  1.022330e-03  5.574420e-03
-1.251840e-02 -7.409980e-04 -1.558300e-03 -7.209890e-03 -7.634360e-03 -2.266280e-02  1.000000e+00 -4.266690e-02 -2.947590e-02 -3.076200e-02 -2.829510e-03 -1.796040e-02 -1.037990e-03 -7.700810e-03 -2.183640e-03  3.477550e-03 -1.193890e-04 -4.655110e-03 -9.722600e-03 -4.716560e-03 -1.419650e-02 -1.467080e-02 -6.795950e-03 -7.087090e-03 -5.295020e-03  4.442640e-03  2.811180e-03  7.210120e-03  8.692740e-03  5.706490e-03  5.037740e-03  5.248670e-03
 3.498510e-03 -2.478470e-03 -1.155490e-03 -5.671060e-03 -1.670250e-02 -2.439420e-02 -4.266690e-02  1.000000e+00 -7.294700e-02 -2.838200e-02 -4.329360e-02 -5.255040e-03 -2.630310e-02 -7.592630e-03 -1.267180e-02  8.036760e-04 -6.083160e-03 -3.363030e-03 -1.108210e-02 -1.289390e-02 -2.098810e-02 -1.706970e-02 -1.311510e-02 -4.520400e-03 -5.351630e-03 -1.773070e-03  6.352010e-03  6.557740e-03  9.949940e-03  1.331610e-02  9.587780e-03  6.921830e-03
 1.838980e-02 -7.879040e-03 -7.823660e-03 -1.053320e-02 -1.444820e-02 -2.905770e-02 -2.947590e-02 -7.294700e-02  1.000000e+00 -7.297540e-02  6.351790e-03 -3.968530e-02  3.919730e-05 -2.124160e-02 -3.191760e-03 -1.145200e-02  5.935130e-03  2.936900e-05 -1.194850e-02 -2.158120e-02 -2.360340e-02 -2.154190e-02 -1.463550e-02 -8.744860e-03 -1.009840e-02 -4.275900e-03 -9.583160e-04  5.280210e-03  6.100500e-03  1.352280e-02  3.916250e-03  1.018900e-02
-2.278500e-02 -5.013760e-03 -2.968420e-04 -5.856820e-03 -1.608670e-02 -1.317710e-02 -3.076200e-02 -2.838200e-02 -7.297540e-02  1.000000e+00 -7.259410e-02  9.820970e-03 -3.765300e-02 -4.859440e-03 -2.877790e-02  1.083920e-02 -9.290780e-03 -2.982930e-03 -7.492070e-03 -6.613900e-03 -1.535340e-02 -1.025840e-02 -2.328350e-03 -8.076320e-04  3.085570e-04  1.972440e-03  1.779090e-03  1.154170e-04  2.169680e-03  2.587420e-03  4.275740e-04  4.687710e-03
 9.615330e-03 -9.016040e-03 -1.048670e-02 -2.569220e-02 -2.822160e-03 -2.559800e-02 -2.829510e-03 -4.329360e-02  6.351790e-03 -7.259410e-02  1.000000e+00 -7.148800e-02  1.235840e-02 -4.098740e-02 -6.816980e-05 -3.376770e-02 -3.960240e-03 -2.297620e-02 -2.268690e-02 -5.943750e-03 -7.666670e-03  4.586410e-05  3.772600e-04  4.918560e-03  2.279730e-03  5.630140e-03 -3.219090e-03 -2.275540e-03 -3.888130e-03  1.905940e-04  7.894180e-03 -7.009770e-04
-6.968370e-03  9.548630e-04 -1.056340e-02 -9.664790e-03 -1.291150e-02 -5.365440e-03 -1.796040e-02 -5.255040e-03 -3.968530e-02  9.820970e-03 -7.148800e-02  1.000000e+00 -5.176130e-02 -1.263160e-02 -4.807890e-02  7.268260e-03 -2.717260e-02 -1.123620e-02 -1.105100e-02 -5.421370e-03  6.780620e-03  2.621480e-03  3.376750e-03  2.153550e-03  5.507150e-03  1.511280e-05 -8.066690e-03 -1.090110e-02 -6.908190e-03 -4.205620e-03 -7.029760e-03  3.625830e-03
-1.400950e-02 -1.019000e-02 -6.327060e-03 -1.398940e-02 -3.019460e-03 -1.353680e-02 -1.037990e-03 -2.630310e-02  3.919730e-05 -3.765300e-02  1.235840e-02 -5.176130e-02  1.000000e+00 -4.355550e-02 -1.423710e-02 -3.581590e-02 -2.248210e-03 -2.269090e-02 -1.449320e-02  1.124370e-04 -4.675530e-03  2.792120e-03  4.513170e-04  2.790230e-03 -2.985720e-03  1.843850e-05 -1.034620e-02 -7.003110e-03 -1.260920e-02  7.402730e-03 -3.163800e-03  1.473360e-03
 2.434130e-03 -6.566820e-03 -9.198790e-03 -9.294350e-03 -8.563200e-03 -4.063710e-03 -7.700810e-03 -7.592630e-03 -2.124160e-02 -4.859440e-03 -4.098740e-02 -1.263160e-02 -4.355550e-02  1.000000e+00 -5.647680e-02 -5.215870e-03 -2.519530e-02 -1.809670e-02 -1.835720e-02 -1.161090e-03  2.537990e-04 -3.609360e-03  5.187350e-03 -2.296960e-03  6.928650e-03 -6.714570e-03 -1.408480e-02 -1.377830e-02 -5.803940e-03 -2.062100e-02  7.682400e-03 -8.103320e-03
 2.347160e-03 -1.157730e-02 -7.124680e-03 -1.238590e-02 -1.302330e-03 -4.285150e-03 -2.183640e-03 -1.267180e-02 -3.191760e-03 -2.877790e-02 -6.816980e-05 -4.807890e-02 -1.423710e-02 -5.647680e-02  1.000000e+00 -5.634280e-02 -1.663000e-02 -3.516020e-02 -2.201550e-02 -9.888260e-03 -6.916280e-03  8.703090e-03 -4.415030e-04  6.161660e-03 -3.600600e-03 -7.702290e-03 -1.345100e-02 -1.692470e-02 -2.508080e-02  7.894590e-03 -9.674970e-03 -1.406320e-03
 3.887370e-03  4.379310e-03 -7.605860e-03 -5.419610e-03 -1.686870e-03 -3.411250e-03  3.477550e-03  8.036760e-04 -1.145200e-02  1.083920e-02 -3.376770e-02  7.268260e-03 -3.581590e-02 -5.215870e-03 -5.634280e-02  1.000000e+00 -4.888640e-02 -2.465070e-02 -2.270440e-02 -3.368480e-03 -6.797210e-03 -6.230910e-03  2.378980e-03 -1.019250e-02 -6.738840e-03 -9.399770e-03 -1.413470e-02 -1.124180e-02 -7.614130e-03 -1.830760e-02 -2.430290e-03 -8.698370e-03
-1.305870e-02 -4.155990e-03  1.424750e-03 -9.842500e-03 -4.957350e-03 -2.336400e-03 -1.193890e-04 -6.083160e-03  5.935130e-03 -9.290780e-03 -3.960240e-03 -2.717260e-02 -2.248210e-03 -2.519530e-02 -1.663000e-02 -4.888640e-02  1.000000e+00 -8.283640e-02 -4.066600e-02 -2.488220e-02 -2.235540e-02 -1.172930e-02 -5.482250e-03 -6.834130e-03 -9.397220e-03 -1.097140e-02 -6.925230e-03 -7.717090e-03 -9.170390e-03 -1.597180e-03 -3.233940e-03  5.458900e-04
 1.086380e-02 -1.889740e-03 -7.483140e-03 -9.386330e-03 -4.639280e-03 -4.526490e-03 -4.655110e-03 -3.363030e-03  2.936900e-05 -2.982930e-03 -2.297620e-02 -1.123620e-02 -2.269090e-02 -1.809670e-02 -3.516020e-02 -2.465070e-02 -8.283640e-02  1.000000e+00 -6.637150e-02 -4.043700e-02 -3.205660e-02 -2.559660e-02 -1.904660e-02 -1.071630e-02 -6.371870e-03 -9.130160e-03 -1.007950e-02 -1.300110e-02 -7.263170e-03 -9.012290e-03  3.588570e-04 -2.376830e-03
 4.159070e-03 -6.061270e-03 -3.396560e-03 -6.586880e-03 -1.050330e-02 -5.131430e-03 -9.722600e-03 -1.108210e-02 -1.194850e-02 -7.492070e-03 -2.268690e-02 -1.105100e-02 -1.449320e-02 -1.835720e-02 -2.201550e-02 -2.270440e-02 -4.066600e-02 -6.637150e-02  1.000000e+00 -4.112310e-02 -3.477940e-02 -3.605040e-02 -2.269870e-02 -1.131640e-02 -6.093840e-03 -8.382380e-03 -9.650020e-03 -1.303070e-02 -1.155590e-02 -3.439020e-03 -1.153850e-02 -7.031680e-04
-1.691630e-02  7.433070e-04  2.762530e-03 -5.419710e-03  1.046500e-04 -1.228150e-02 -4.716560e-03 -1.289390e-02 -2.158120e-02 -6.613900e-03 -5.943750e-03 -5.421370e-03  1.124370e-04 -1.161090e-03 -9.888260e-03 -3.368480e-03 -2.488220e-02 -4.043700e-02 -4.112310e-02  1.000000e+00 -5.835440e-02 -5.091400e-02 -2.783920e-02 -2.096950e-02 -1.927800e-02 -8.991110e-03 -7.085090e-03 -8.076800e-03 -1.144120e-02 -1.536900e-02  2.968410e-03 -1.464760e-02
 5.658320e-03 -7.481960e-03 -8.896220e-04  5.068730e-03 -9.246470e-03 -3.334710e-03 -1.419650e-02 -2.098810e-02 -2.360340e-02 -1.535340e-02 -7.666670e-03  6.780620e-03 -4.675530e-03  2.537990e-04 -6.916280e-03 -6.797210e-03 -2.235540e-02 -3.205660e-02 -3.477940e-02 -5.835440e-02  1.000000e+00 -8.717880e-02 -5.246060e-02 -3.263640e-02 -2.325740e-02 -2.296170e-02 -1.796400e-02 -1.833000e-02 -1.557000e-02 -1.367940e-02 -1.881130e-02 -5.250560e-03
-6.143270e-03 -1.198770e-03  8.270000e-04  3.197740e-03 -6.810960e-04 -5.528080e-03 -1.467080e-02 -1.706970e-02 -2.154190e-02 -1.025840e-02  4.586410e-05  2.621480e-03  2.792120e-03 -3.609360e-03  8.703090e-03 -6.230910e-03 -1.172930e-02 -2.559660e-02 -3.605040e-02 -5.091400e-02 -8.717880e-02  1.000000e+00 -7.378730e-02 -4.275450e-02 -3.371790e-02 -2.725020e-02 -2.884550e-02 -2.548250e-02 -1.986030e-02 -1.627110e-02 -1.181900e-02 -1.606830e-02
-1.832810e-02  8.256010e-03  3.140800e-03  2.430700e-03 -2.278630e-03 -7.971560e-03 -6.795950e-03 -1.311510e-02 -1.463550e-02 -2.328350e-03  3.772600e-04  3.376750e-03  4.513170e-04  5.187350e-03 -4.415030e-04  2.378980e-03 -5.482250e-03 -1.904660e-02 -2.269870e-02 -2.783920e-02 -5.246060e-02 -7.378730e-02  1.000000e+00 -4.887100e-02 -3.763920e-02 -3.064110e-02 -3.153580e-02 -1.923260e-02 -8.590320e-03 -1.643610e-02 -9.299160e-03 -1.045610e-02
 2.109500e-03  5.793320e-03  1.458140e-03  4.113830e-03 -1.563040e-03 -2.080490e-03 -7.087090e-03 -4.520400e-03 -8.744860e-03 -8.076320e-04  4.918560e-03  2.153550e-03  2.790230e-03 -2.296960e-03  6.161660e-03 -1.019250e-02 -6.834130e-03 -1.071630e-02 -1.131640e-02 -2.096950e-02 -3.263640e-02 -4.275450e-02 -4.887100e-02  1.000000e+00 -4.418580e-02 -3.682790e-02 -3.041520e-02 -1.905850e-02 -1.667510e-02 -1.544000e-04 -1.584050e-02 -6.639240e-03
 6.287820e-03  2.828600e-03  2.034830e-03  3.946450e-03 -4.223020e-03  8.815890e-04 -5.295020e-03 -5.351630e-03 -1.009840e-02  3.085570e-04  2.279730e-03  5.507150e-03 -2.985720e-03  6.928650e-03 -3.600600e-03 -6.738840e-03 -9.397220e-03 -6.371870e-03 -6.093840e-03 -1.927800e-02 -2.325740e-02 -3.371790e-02 -3.763920e-02 -4.418580e-02  1.000000e+00 -3.882740e-02 -3.075010e-02 -2.020210e-02 -9.462640e-03 -1.391340e-02 -8.557660e-03 -5.333920e-03
-7.375050e-03  1.392990e-02  5.778520e-04 -8.247650e-04  6.407370e-03  1.197130e-03  4.442640e-03 -1.773070e-03 -4.275900e-03  1.972440e-03  5.630140e-03  1.511280e-05  1.843850e-05 -6.714570e-03 -7.702290e-03 -9.399770e-03 -1.097140e-02 -9.130160e-03 -8.382380e-03 -8.991110e-03 -2.296170e-02 -2.725020e-02 -3.064110e-02 -3.682790e-02 -3.882740e-02  1.000000e+00 -3.601940e-02 -2.357170e-02 -1.534030e-02 -1.057380e-02 -1.176250e-02 -1.062780e-02
 7.520490e-03  1.048610e-02 -5.027940e-04 -3.080130e-03  5.063510e-03  4.382890e-03  2.811180e-03  6.352010e-03 -9.583160e-04  1.779090e-03 -3.219090e-03 -8.066690e-03 -1.034620e-02 -1.408480e-02 -1.345100e-02 -1.413470e-02 -6.925230e-03 -1.007950e-02 -9.650020e-03 -7.085090e-03 -1.796400e-02 -2.884550e-02 -3.153580e-02 -3.041520e-02 -3.075010e-02 -3.601940e-02  1.000000e+00 -3.483070e-02 -2.453870e-02 -1.934600e-02 -1.445750e-02 -1.686980e-02
-2.029410e-03  2.903500e-03 -2.295670e-03 -5.775410e-03  1.955560e-03  2.917070e-03  7.210120e-03  6.557740e-03  5.280210e-03  1.154170e-04 -2.275540e-03 -1.090110e-02 -7.003110e-03 -1.377830e-02 -1.692470e-02 -1.124180e-02 -7.717090e-03 -1.300110e-02 -1.303070e-02 -8.076800e-03 -1.833000e-02 -2.548250e-02 -1.923260e-02 -1.905850e-02 -2.020210e-02 -2.357170e-02 -3.483070e-02  1.000000e+00 -3.024490e-02 -2.463940e-02 -2.197940e-02 -1.947890e-02
-7.310570e-03 -1.130170e-02 -1.000780e-03 -2.305320e-03 -6.514850e-04  3.886930e-03  8.692740e-03  9.949940e-03  6.100500e-03  2.169680e-03 -3.888130e-03 -6.908190e-03 -1.260920e-02 -5.803940e-03 -2.508080e-02 -7.614130e-03 -9.170390e-03 -7.263170e-03 -1.155590e-02 -1.144120e-02 -1.557000e-02 -1.986030e-02 -8.590320e-03 -1.667510e-02 -9.462640e-03 -1.534030e-02 -2.453870e-02 -3.024490e-02  1.000000e+00 -4.315050e-02 -1.708190e-02 -2.614210e-02
-7.684160e-03 -1.742860e-03 -2.904670e-03 -3.123710e-04 -9.086960e-05  6.099380e-03  5.706490e-03  1.331610e-02  1.352280e-02  2.587420e-03  1.905940e-04 -4.205620e-03  7.402730e-03 -2.062100e-02  7.894590e-03 -1.830760e-02 -1.597180e-03 -9.012290e-03 -3.439020e-03 -1.536900e-02 -1.367940e-02 -1.627110e-02 -1.643610e-02 -1.544000e-04 -1.391340e-02 -1.057380e-02 -1.934600e-02 -2.463940e-02 -4.315050e-02  1.000000e+00 -5.178900e-02 -1.631390e-02
 1.035610e-03 -1.976740e-03  1.637990e-03 -3.455390e-03  5.873940e-03  1.022330e-03  5.037740e-03  9.587780e-03  3.916250e-03  4.275740e-04  7.894180e-03 -7.029760e-03 -3.163800e-03  7.682400e-03 -9.674970e-03 -2.430290e-03 -3.233940e-03  3.588570e-04 -1.153850e-02  2.968410e-03 -1.881130e-02 -1.181900e-02 -9.299160e-03 -1.584050e-02 -8.557660e-03 -1.176250e-02 -1.445750e-02 -2.197940e-02 -1.708190e-02 -5.178900e-02  1.000000e+00 -5.005910e-02
 7.239090e-03  1.718570e-03  3.014630e-03  7.012400e-03 -2.888820e-04  5.574420e-03  5.248670e-03  6.921830e-03  1.018900e-02  4.687710e-03 -7.009770e-04  3.625830e-03  1.473360e-03 -8.103320e-03 -1.406320e-03 -8.698370e-03  5.458900e-04 -2.376830e-03 -7.031680e-04 -1.464760e-02 -5.250560e-03 -1.606830e-02 -1.045610e-02 -6.639240e-03 -5.333920e-03 -1.062780e-02 -1.686980e-02 -1.947890e-02 -2.614210e-02 -1.631390e-02 -5.005910e-02  1.000000e+00
