 1.000000e+00 -5.752120e-02 -1.767840e-02 -2.985250e-03 -3.638330e-03 -5.171630e-03 -1.724650e-03 -1.457970e-03 -2.823020e-03 -4.477530e-03  1.038150e-05 -2.470410e-03 -3.382140e-03 -2.429430e-03 -6.113510e-03 -5.098840e-03 -4.750950e-03 -3.327820e-03 -4.620530e-03 -5.858090e-03 -4.157950e-03 -4.750380e-05 -1.231960e-03 -4.035660e-03 -2.393810e-03 -2.212240e-03 -2.296500e-04 -1.903310e-03  2.373270e-03  8.615690e-04 -5.658780e-04  4.609140e-04
-5.752120e-02  1.000000e+00 -2.906260e-02 -7.351020e-03 -4.914010e-03 -1.026000e-03 -6.146020e-03 -5.278280e-03 -4.743680e-03 -2.689690e-05 -3.137560e-03  9.683260e-04 -3.022770e-03 -8.669110e-04 -2.296890e-03 -3.585670e-03 -3.754850e-03 -4.098080e-03 -4.681410e-03 -2.936440e-03 -4.153140e-03 -7.188000e-03 -2.404240e-03 -2.406380e-03 -1.491300e-04 -1.038300e-03 -2.439840e-03 -1.264870e-03 -1.114890e-03 -1.565680e-03 -5.980620e-04 -2.346400e-03
-1.767840e-02 -2.906260e-02  1.000000e+00 -2.110440e-02 -3.147660e-03 -5.844580e-03 -4.100170e-03 -4.123900e-03 -3.400110e-03 -9.842790e-04 -7.759470e-04 -9.032970e-04 -3.160850e-03 -3.445350e-03 -1.477330e-03 -4.754380e-03 -2.660110e-03 -4.551350e-03 -3.750400e-03 -2.422500e-03 -2.786300e-03  2.523500e-03 -1.903270e-03  6.033840e-04 -1.141920e-03 -4.755360e-04 -4.259930e-03  1.001170e-03 -3.173090e-03 -3.394940e-04 -3.773930e-03  1.315570e-03
-2.985250e-03 -7.351020e-03 -2.110440e-02  1.000000e+00 -2.016470e-02 -9.932580e-03 -1.028400e-02 -5.993440e-03 -5.233270e-03 -2.680160e-03 -3.248940e-03 -5.306900e-03 -6.206160e-03 -6.443550e-03 -6.835190e-03 -4.672150e-03 -6.119630e-03 -5.138200e-03 -5.721530e-03 -4.754750e-03 -5.264960e-03  4.350070e-03 -5.897680e-03 -4.280310e-03 -5.108560e-03 -2.861500e-03 -7.965880e-04 -2.106600e-04 -1.462970e-03 -1.784140e-04 -1.749160e-03 -1.840990e-04
-3.638330e-03 -4.914010e-03 -3.147660e-03 -2.016470e-02  1.000000e+00 -2.676120e-02 -1.295290e-02 -1.399710e-02 -5.613340e-03 -5.234680e-03 -6.155880e-03 -5.715190e-03 -5.250730e-03 -6.302380e-03 -3.112100e-03 -6.429770e-03 -4.596040e-03 -4.312800e-03 -5.191660e-03 -2.808470e-03 -2.920590e-03 -1.371740e-04 -2.964490e-03 -4.593050e-03 -1.721830e-03 -3.046210e-03  2.976580e-04 -1.058910e-03 -2.284860e-03  1.661810e-04  2.160860e-04  1.074110e-03
-5.171630e-03 -1.026000e-03 -5.844580e-03 -9.932580e-03 -2.676120e-02  1.000000e+00 -3.341880e-02 -1.383890e-02 -1.311030e-02 -6.832510e-03 -8.177940e-03 -5.569300e-03 -7.487250e-03 -3.755270e-03 -7.796890e-03 -3.499070e-03 -6.674970e-03 -4.799510e-03 -3.770230e-03 -3.271790e-03 -3.421690e-03 -6.666300e-03 -4.384650e-03 -2.457880e-03 -4.522670e-03 -1.143350e-03 -3.037800e-03 -4.084760e-04  3.376240e-03  1.073480e-05  2.720870e-03 -7.977680e-04
-1.724650e-03 -6.146020e-03 -4.100170e-03 -1.028400e-02 -1.295290e-02 -3.341880e-02  1.000000e+00 -3.971040e-02 -1.690960e-02 -1.655550e-02 -1.129440e-02 -1.037190e-02 -6.326180e-03 -8.633620e-03 -4.676200e-03 -6.555940e-03 -5.637480e-03 -4.883550e-03 -5.601100e-03 -4.677940e-03 -5.346150e-03  1.399410e-03 -4.898290e-03 -4.697330e-03 -1.815240e-03 -2.814890e-03  2.510070e-04 -3.538100e-03  5.158320e-04 -1.599760e-04  5.414990e-04  1.416690e-03
-1.457970e-03 -5.278280e-03 -4.123900e-03 -5.993440e-03 -1.399710e-02 -1.383890e-02 -3.971040e-02  1.000000e+00 -3.985760e-02 -1.676570e-02 -1.836260e-02 -1.041890e-02 -1.106870e-02 -8.288210e-03 -7.267850e-03 -6.581740e-03 -5.711640e-03 -6.365240e-03 -4.538760e-03 -4.637150e-03 -5.028610e-03 -8.234880e-03 -6.810260e-03 -4.002880e-03 -3.515830e-03 -7.930480e-04 -3.801980e-03 -1.628800e-03  6.277540e-04  3.692580e-04 -1.933790e-03  2.774050e-04
-2.823020e-03 -4.743680e-03 -3.400110e-03 -5.233270e-03 -5.613340e-03 -1.311030e-02 -1.690960e-02 -3.985760e-02  1.000000e+00 -3.743400e-02 -1.454960e-02 -1.799810e-02 -9.140800e-03 -8.938120e-03 -8.172830e-03 -3.015740e-03 -7.442250e-03 -5.650670e-03 -8.047640e-03 -3.908910e-03 -8.648740e-03  3.672930e-04 -5.393320e-03 -4.046350e-03 -1.340340e-03 -8.013050e-04 -1.124670e-03  1.037820e-04  1.170140e-03 -6.927500e-04 -2.926440e-04 -9.646180e-05
-4.477530e-03 -2.689690e-05 -9.842790e-04 -2.680160e-03 -5.234680e-03 -6.832510e-03 -1.655550e-02 -1.676570e-02 -3.743400e-02  1.000000e+00 -3.585770e-02 -1.188510e-02 -1.541780e-02 -9.557830e-03 -5.722110e-03 -8.863680e-03 -4.903100e-03 -7.173770e-03 -6.294570e-03 -7.211990e-03 -1.864260e-03 -7.867010e-03 -3.488550e-03 -1.316140e-03 -2.169200e-03 -5.325960e-04 -2.515780e-03 -1.748170e-03  2.206510e-04 -1.783030e-04 -2.058420e-03  4.806850e-04
 1.038150e-05 -3.137560e-03 -7.759470e-04 -3.248940e-03 -6.155880e-03 -8.177940e-03 -1.129440e-02 -1.836260e-02 -1.454960e-02 -3.585770e-02  1.000000e+00 -3.460190e-02 -1.599070e-02 -1.450850e-02 -9.571470e-03 -7.866680e-03 -7.794520e-03 -8.506480e-03 -8.557080e-03 -4.180800e-03 -9.664440e-03  2.172200e-04 -4.762380e-03 -1.254550e-03 -5.064500e-04 -2.122450e-03 -2.428810e-04 -7.849350e-04  8.674160e-04 -6.955890e-04 -9.305580e-05  3.107020e-04
-2.470410e-03  9.683260e-04 -9.032970e-04 -5.306900e-03 -5.715190e-03 -5.569300e-03 -1.037190e-02 -1.041890e-02 -1.799810e-02 -1.188510e-02 -3.460190e-02  1.000000e+00 -3.886110e-02 -1.828880e-02 -1.707910e-02 -1.090930e-02 -8.732460e-03 -9.132000e-03 -8.419010e-03 -7.476600e-03 -3.966650e-03 -4.470680e-03 -3.293690e-03 -1.264960e-03 -3.976260e-03 -2.269380e-03 -2.919240e-03 -2.369190e-03  5.122290e-04 -3.899320e-04 -4.864270e-04 -7.842060e-04
-3.382140e-03 -3.022770e-03 -3.160850e-03 -6.206160e-03 -5.250730e-03 -7.487250e-03 -6.326180e-03 -1.106870e-02 -9.140800e-03 -1.541780e-02 -1.599070e-02 -3.886110e-02  1.000000e+00 -3.603740e-02 -1.723950e-02 -1.486630e-02 -1.099390e-02 -8.811000e-03 -8.775040e-03 -6.174790e-03 -6.441460e-03 -1.283570e-03 -4.692890e-03 -3.301830e-03 -2.382220e-03 -3.876750e-03 -2.495350e-03 -3.124800e-03 -1.245450e-03 -6.142340e-04  3.544090e-04  1.388070e-03
-2.429430e-03 -8.669110e-04 -3.445350e-03 -6.443550e-03 -6.302380e-03 -3.755270e-03 -8.633620e-03 -8.288210e-03 -8.938120e-03 -9.557830e-03 -1.450850e-02 -1.828880e-02 -3.603740e-02  1.000000e+00 -3.224760e-02 -1.435160e-02 -1.423670e-02 -1.185960e-02 -1.033340e-02 -6.925340e-03 -7.366470e-03 -2.426500e-03 -5.251730e-03 -4.261530e-03 -5.241230e-03 -3.637920e-03 -6.271250e-03 -1.141510e-03  1.537250e-03  4.416110e-04 -6.568030e-04 -9.860070e-04
-6.113510e-03 -2.296890e-03 -1.477330e-03 -6.835190e-03 -3.112100e-03 -7.796890e-03 -4.676200e-03 -7.267850e-03 -8.172830e-03 -5.722110e-03 -9.571470e-03 -1.707910e-02 -1.723950e-02 -3.224760e-02  1.000000e+00 -3.193760e-02 -1.439010e-02 -1.510100e-02 -1.187680e-02 -1.077180e-02 -6.880250e-03 -2.547830e-03 -3.371960e-03 -4.463790e-03 -4.086630e-03 -5.209950e-03 -2.018990e-03 -4.802070e-03 -5.491970e-03 -1.728120e-04  2.523440e-03  3.847340e-03
-5.098840e-03 -3.585670e-03 -4.754380e-03 -4.672150e-03 -6.429770e-03 -3.499070e-03 -6.555940e-03 -6.581740e-03 -3.015740e-03 -8.863680e-03 -7.866680e-03 -1.090930e-02 -1.486630e-02 -1.435160e-02 -3.193760e-02  1.000000e+00 -3.023610e-02 -1.357420e-02 -1.827530e-02 -8.646520e-03 -1.169770e-02 -2.287760e-03 -7.254470e-03 -2.563650e-03 -6.479140e-03 -4.732660e-03 -5.990980e-03 -3.120440e-03  5.611620e-03  6.777090e-05 -1.393870e-03 -5.099360e-03
-4.750950e-03 -3.754850e-03 -2.660110e-03 -6.119630e-03 -4.596040e-03 -6.674970e-03 -5.637480e-03 -5.711640e-03 -7.442250e-03 -4.903100e-03 -7.794520e-03 -8.732460e-03 -1.099390e-02 -1.423670e-02 -1.439010e-02 -3.023610e-02  1.000000e+00 -3.270050e-02 -1.437890e-02 -1.886060e-02 -9.178580e-03 -4.491540e-03 -4.252760e-03 -7.158570e-03 -3.923920e-03 -4.846080e-03 -6.078780e-03 -1.545460e-03 -3.951970e-03 -7.420920e-05  2.068220e-03  2.461300e-03
-3.327820e-03 -4.098080e-03 -4.551350e-03 -5.138200e-03 -4.312800e-03 -4.799510e-03 -4.883550e-03 -6.365240e-03 -5.650670e-03 -7.173770e-03 -8.506480e-03 -9.132000e-03 -8.811000e-03 -1.185960e-02 -1.510100e-02 -1.357420e-02 -3.270050e-02  1.000000e+00 -3.455770e-02 -1.220720e-02 -1.515460e-02 -5.279530e-03 -9.001710e-03 -5.831170e-03 -8.698860e-03 -6.667670e-03 -6.195930e-03 -7.027390e-03  4.015940e-03  7.260050e-04 -1.094840e-03  7.472590e-04
-4.620530e-03 -4.681410e-03 -3.750400e-03 -5.721530e-03 -5.191660e-03 -3.770230e-03 -5.601100e-03 -4.538760e-03 -8.047640e-03 -6.294570e-03 -8.557080e-03 -8.419010e-03 -8.775040e-03 -1.033340e-02 -1.187680e-02 -1.827530e-02 -1.437890e-02 -3.455770e-02  1.000000e+00 -3.054530e-02 -7.693930e-03 -7.211590e-03 -4.483050e-03 -8.932490e-03 -4.224130e-03 -4.865570e-03 -4.118120e-03 -1.898820e-03 -5.402040e-03 -5.556430e-05 -1.984880e-03 -1.009290e-03
-5.858090e-03 -2.936440e-03 -2.422500e-03 -4.754750e-03 -2.808470e-03 -3.271790e-03 -4.677940e-03 -4.637150e-03 -3.908910e-03 -7.211990e-03 -4.180800e-03 -7.476600e-03 -6.174790e-03 -6.925340e-03 -1.077180e-02 -8.646520e-03 -1.886060e-02 -1.220720e-02 -3.054530e-02  1.000000e+00 -2.925820e-02 -1.469190e-03 -1.628950e-02 -5.474180e-03 -1.035360e-02 -7.402430e-03 -6.622010e-03 -7.641330e-03  6.376750e-04 -4.458950e-04 -1.386340e-03  1.476080e-03
-4.157950e-03 -4.153140e-03 -2.786300e-03 -5.264960e-03 -2.920590e-03 -3.421690e-03 -5.346150e-03 -5.028610e-03 -8.648740e-03 -1.864260e-03 -9.664440e-03 -3.966650e-03 -6.441460e-03 -7.366470e-03 -6.880250e-03 -1.169770e-02 -9.178580e-03 -1.515460e-02 -7.693930e-03 -2.925820e-02  1.000000e+00 -2.116720e-02 -8.209210e-03 -1.533210e-02 -7.743810e-03 -7.362190e-03 -6.665650e-03 -5.464290e-03 -2.739740e-03 -4.062240e-04  2.818940e-04 -4.389280e-04
-4.750380e-05 -7.188000e-03  2.523500e-03  4.350070e-03 -1.371740e-04 -6.666300e-03  1.399410e-03 -8.234880e-03  3.672930e-04 -7.867010e-03  2.172200e-04 -4.470680e-03 -1.283570e-03 -2.426500e-03 -2.547830e-03 -2.287760e-03 -4.491540e-03 -5.279530e-03 -7.211590e-03 -1.469190e-03 -2.116720e-02  1.000000e+00 -1.812810e-02 -1.132200e-02 -6.041920e-03 -2.295650e-03 -1.162600e-02 -4.096770e-03  4.912630e-04 -2.947880e-04 -6.529530e-04  3.307470e-04
-1.231960e-03 -2.404240e-03 -1.903270e-03 -5.897680e-03 -2.964490e-03 -4.384650e-03 -4.898290e-03 -6.810260e-03 -5.393320e-03 -3.488550e-03 -4.762380e-03 -3.293690e-03 -4.692890e-03 -5.251730e-03 -3.371960e-03 -7.254470e-03 -4.252760e-03 -9.001710e-03 -4.483050e-03 -1.628950e-02 -8.209210e-03 -1.812810e-02  1.000000e+00 -4.128410e-02 -1.685080e-02 -1.768720e-02 -1.446080e-02 -9.078020e-03 -2.435970e-03 -7.164980e-04 -1.154350e-04  1.480210e-04
-4.035660e-03 -2.406380e-03  6.033840e-04 -4.280310e-03 -4.593050e-03 -2.457880e-03 -4.697330e-03 -4.002880e-03 -4.046350e-03 -1.316140e-03 -1.254550e-03 -1.264960e-03 -3.301830e-03 -4.261530e-03 -4.463790e-03 -2.563650e-03 -7.158570e-03 -5.831170e-03 -8.932490e-03 -5.474180e-03 -1.533210e-02 -1.132200e-02 -4.128410e-02  1.000000e+00 -3.834140e-02 -1.618880e-02 -1.563770e-02 -1.511730e-02 -3.333820e-04 -2.471310e-04  7.997080e-04  5.036160e-05
-2.393810e-03 -1.491300e-04 -1.141920e-03 -5.108560e-03 -1.721830e-03 -4.522670e-03 -1.815240e-03 -3.515830e-03 -1.340340e-03 -2.169200e-03 -5.064500e-04 -3.976260e-03 -2.382220e-03 -5.241230e-03 -4.086630e-03 -6.479140e-03 -3.923920e-03 -8.698860e-03 -4.224130e-03 -1.035360e-02 -7.743810e-03 -6.041920e-03 -1.685080e-02 -3.834140e-02  1.000000e+00 -3.322890e-02 -1.840420e-02 -1.552110e-02 -3.976450e-03  6.425250e-04 -1.348340e-04 -5.211710e-04
-2.212240e-03 -1.038300e-03 -4.755360e-04 -2.861500e-03 -3.046210e-03 -1.143350e-03 -2.814890e-03 -7.930480e-04 -8.013050e-04 -5.325960e-04 -2.122450e-03 -2.269380e-03 -3.876750e-03 -3.637920e-03 -5.209950e-03 -4.732660e-03 -4.846080e-03 -6.667670e-03 -4.865570e-03 -7.402430e-03 -7.362190e-03 -2.295650e-03 -1.768720e-02 -1.618880e-02 -3.322890e-02  1.000000e+00 -3.854530e-02 -1.886270e-02 -1.792370e-03  8.040190e-04  5.101720e-04  3.974780e-04
-2.296500e-04 -2.439840e-03 -4.259930e-03 -7.965880e-04  2.976580e-04 -3.037800e-03  2.510070e-04 -3.801980e-03 -1.124670e-03 -2.515780e-03 -2.428810e-04 -2.919240e-03 -2.495350e-03 -6.271250e-03 -2.018990e-03 -5.990980e-03 -6.078780e-03 -6.195930e-03 -4.118120e-03 -6.622010e-03 -6.665650e-03 -1.162600e-02 -1.446080e-02 -1.563770e-02 -1.840420e-02 -3.854530e-02  1.000000e+00 -3.828850e-02  2.179230e-02 -2.340890e-03  4.258800e-03  2.197580e-04
-1.903310e-03 -1.264870e-03  1.001170e-03 -2.106600e-04 -1.058910e-03 -4.084760e-04 -3.538100e-03 -1.628800e-03  1.037820e-04 -1.748170e-03 -7.849350e-04 -2.369190e-03 -3.124800e-03 -1.141510e-03 -4.802070e-03 -3.120440e-03 -1.545460e-03 -7.027390e-03 -1.898820e-03 -7.641330e-03 -5.464290e-03 -4.096770e-03 -9.078020e-03 -1.511730e-02 -1.552110e-02 -1.886270e-02 -3.828850e-02  1.000000e+00 -2.031940e-03 -1.186160e-04  4.814420e-03 -8.148510e-04
 2.373270e-03 -1.114890e-03 -3.173090e-03 -1.462970e-03 -2.284860e-03  3.376240e-03  5.158320e-04  6.277540e-04  1.170140e-03  2.206510e-04  8.674160e-04  5.122290e-04 -1.245450e-03  1.537250e-03 -5.491970e-03  5.611620e-03 -3.951970e-03  4.015940e-03 -5.402040e-03  6.376750e-04 -2.739740e-03  4.912630e-04 -2.435970e-03 -3.333820e-04 -3.976450e-03 -1.792370e-03  2.179230e-02 -2.031940e-03  1.000000e+00  3.366600e-05  8.427300e-04  7.371140e-05
 8.615690e-04 -1.565680e-03 -3.394940e-04 -1.784140e-04  1.661810e-04  1.073480e-05 -1.599760e-04  3.692580e-04 -6.927500e-04 -1.783030e-04 -6.955890e-04 -3.899320e-04 -6.142340e-04  4.416110e-04 -1.728120e-04  6.777090e-05 -7.420920e-05  7.260050e-04 -5.556430e-05 -4.458950e-04 -4.062240e-04 -2.947880e-04 -7.164980e-04 -2.471310e-04  6.425250e-04  8.040190e-04 -2.340890e-03 -1.186160e-04  3.366600e-05  1.000000e+00  3.854330e-05 -9.692740e-05
-5.658780e-04 -5.980620e-04 -3.773930e-03 -1.749160e-03  2.160860e-04  2.720870e-03  5.414990e-04 -1.933790e-03 -2.926440e-04 -2.058420e-03 -9.305580e-05 -4.864270e-04  3.544090e-04 -6.568030e-04  2.523440e-03 -1.393870e-03  2.068220e-03 -1.094840e-03 -1.984880e-03 -1.386340e-03  2.818940e-04 -6.529530e-04 -1.154350e-04  7.997080e-04 -1.348340e-04  5.101720e-04  4.258800e-03  4.814420e-03  8.427300e-04  3.854330e-05  1.000000e+00  1.007400e-02
 4.609140e-04 -2.346400e-03  1.315570e-03 -1.840990e-04  1.074110e-03 -7.977680e-04  1.416690e-03  2.774050e-04 -9.646180e-05  4.806850e-04  3.107020e-04 -7.842060e-04  1.388070e-03 -9.860070e-04  3.847340e-03 -5.099360e-03  2.461300e-03  7.472590e-04 -1.009290e-03  1.476080e-03 -4.389280e-04  3.307470e-04  1.480210e-04  5.036160e-05 -5.211710e-04  3.974780e-04  2.197580e-04 -8.148510e-04  7.371140e-05 -9.692740e-05  1.007400e-02  1.000000e+00
