 1.000000e+00 -3.600520e-04 -2.614310e-04  7.235650e-04 -1.260290e-03 -1.923940e-03  1.121160e-03  1.668210e-03 -1.859580e-03  3.141140e-03 -2.689080e-03  1.814150e-03  8.203900e-03  1.475780e-02  2.870690e-03 -7.087930e-04 -5.415360e-03 -3.509750e-03  2.335600e-03  5.803420e-03  2.217940e-03  3.390140e-03  4.222640e-03  7.747610e-03  2.179640e-03 -7.708020e-04  2.233940e-03 -1.974080e-02  1.000960e-02  2.688790e-03 -1.282310e-02  1.307940e-02
-3.600520e-04  1.000000e+00 -1.502910e-02 -2.034040e-03  1.090360e-03  2.040440e-03  1.106510e-03  2.327430e-03  2.799770e-03  4.483260e-03  2.916800e-03  5.051130e-03 -3.966790e-03 -1.128280e-02  1.447820e-03  3.520020e-03  3.802350e-03  2.370130e-03 -4.459510e-03 -1.325310e-02 -4.282290e-03  2.907030e-03 -1.460480e-04  1.646690e-03  1.178610e-02  1.343830e-02  9.794060e-03  5.666060e-03  1.997950e-02  1.552950e-02  7.889090e-03  1.701360e-02
-2.614310e-04 -1.502910e-02  1.000000e+00 -9.653180e-04  5.787720e-03  5.869090e-03  3.103380e-03  3.274290e-03  1.837650e-03  3.961860e-03 -1.929240e-03  2.942020e-03 -7.681670e-03 -2.096060e-02 -3.803210e-03 -4.347600e-03 -1.765330e-03 -7.429520e-03 -6.963200e-03 -1.231800e-02 -8.347620e-03  2.485710e-03 -1.053830e-03  4.862640e-03  7.755390e-03  1.080010e-02  3.746740e-03 -1.432710e-03  1.708490e-02  1.281010e-02  2.548390e-03  1.661070e-02
 7.235650e-04 -2.034040e-03 -9.653180e-04  1.000000e+00 -2.120340e-02 -1.598560e-02 -2.737020e-03 -2.101330e-03 -3.012110e-03  3.077460e-03  3.092040e-03 -2.244470e-03  2.302800e-02  3.014560e-02  5.999110e-03  2.107450e-02  1.121010e-02  2.521670e-02  3.832390e-03  1.038530e-02  2.145540e-02 -6.331730e-03 -4.642240e-03 -9.958670e-03 -1.540940e-03 -6.170740e-03  1.431990e-02 -3.643850e-04  5.894200e-03  5.808680e-03  7.260300e-04  6.365380e-03
-1.260290e-03  1.090360e-03  5.787720e-03 -2.120340e-02  1.000000e+00 -3.795340e-02 -1.792140e-02 -6.200650e-03  2.432260e-03 -9.205830e-03  5.000140e-03  6.224540e-03  5.071480e-03  7.653190e-02  2.957400e-02  2.492970e-03  6.150700e-04  6.221340e-03  3.660170e-02  3.510920e-02 -1.089010e-02  3.819170e-03 -1.039820e-02 -2.317260e-02 -9.169360e-03 -1.601070e-03 -3.149070e-03  6.173720e-03 -3.532480e-03 -1.517720e-04  8.275200e-03  4.704700e-03
-1.923940e-03  2.040440e-03  5.869090e-03 -1.598560e-02 -3.795340e-02  1.000000e+00 -1.517120e-02 -6.320290e-03  6.435080e-04 -6.987420e-03  5.889520e-03  2.931860e-03  1.379720e-02  7.129220e-02  2.507460e-02  1.240050e-02  7.619470e-03  1.827420e-02  2.998720e-02  3.157070e-02  2.376520e-03 -1.011750e-03 -1.059140e-02 -2.401540e-02 -9.255740e-03 -5.291240e-03  2.917850e-03  9.643480e-03 -5.416310e-03 -1.730590e-04  9.620870e-03  9.427930e-04
 1.121160e-03  1.106510e-03  3.103380e-03 -2.737020e-03 -1.792140e-02 -1.517120e-02  1.000000e+00 -3.123310e-03 -1.541330e-03 -1.756750e-04  4.514190e-03 -1.436930e-03  1.501200e-02  2.870150e-02  7.871680e-03  1.506310e-02  9.422940e-03  1.890350e-02  7.328520e-03  1.054060e-02  1.370570e-02 -4.565660e-03 -4.562620e-03 -1.179850e-02 -3.198850e-03 -5.095950e-03  8.513560e-03  4.823860e-03 -3.404380e-04  1.082310e-03  3.774710e-03 -1.285740e-03
 1.668210e-03  2.327430e-03  3.274290e-03 -2.101330e-03 -6.200650e-03 -6.320290e-03 -3.123310e-03  1.000000e+00 -9.542590e-04 -6.123080e-04  6.134510e-04  8.871740e-04  2.532720e-03  1.237100e-02  4.518900e-03  2.785520e-03 -1.682080e-03  3.368830e-03  5.661410e-03  6.002910e-03  3.480280e-04  1.571280e-04 -2.457120e-03 -5.693910e-03 -2.033000e-03 -2.499350e-03  1.686760e-03 -5.833890e-03  2.270820e-03 -3.568160e-04 -4.599290e-03  3.797460e-03
-1.859580e-03  2.799770e-03  1.837650e-03 -3.012110e-03  2.432260e-03  6.435080e-04 -1.541330e-03 -9.542590e-04  1.000000e+00 -4.520710e-03 -9.582640e-04 -1.188240e-03 -1.147690e-02 -1.079660e-02 -1.661250e-03 -8.090350e-03 -1.108450e-03 -7.952900e-03  1.842470e-03 -6.792880e-04 -9.858200e-03 -7.317140e-04 -4.421840e-03 -5.106040e-03 -5.395850e-03  6.324350e-05 -8.427570e-03  9.320940e-03 -9.952930e-03 -4.964910e-03  6.346440e-03 -9.532330e-03
 3.141140e-03  4.483260e-03  3.961860e-03  3.077460e-03 -9.205830e-03 -6.987420e-03 -1.756750e-04 -6.123080e-04 -4.520710e-03  1.000000e+00 -1.061640e-03 -3.249630e-03  1.312080e-02  7.861120e-03 -6.470670e-04  1.174950e-02  2.803140e-03  1.309790e-02 -3.029740e-04  4.894090e-03  1.371820e-02 -5.274550e-03 -5.164270e-03 -7.817520e-03 -4.990190e-03 -8.509650e-03  7.840700e-03 -1.266210e-02  4.027020e-03 -1.449070e-04 -1.012330e-02  5.602730e-03
-2.689080e-03  2.916800e-03 -1.929240e-03  3.092040e-03  5.000140e-03  5.889520e-03  4.514190e-03  6.134510e-04 -9.582640e-04 -1.061640e-03  1.000000e+00 -6.460170e-03 -2.712190e-03 -2.195690e-02 -1.146750e-02 -6.161760e-03  1.505410e-03 -6.662820e-03 -8.640660e-03 -2.862870e-03  1.299860e-03 -5.487000e-03 -3.415870e-03  2.158580e-03 -7.046720e-03 -4.138370e-03 -7.024430e-03  5.522490e-03 -1.107300e-02 -3.966460e-03  3.934820e-03 -1.022170e-02
 1.814150e-03  5.051130e-03  2.942020e-03 -2.244470e-03  6.224540e-03  2.931860e-03 -1.436930e-03  8.871740e-04 -1.188240e-03 -3.249630e-03 -6.460170e-03  1.000000e+00 -1.838650e-02 -2.406500e-02 -4.894190e-03 -1.343370e-02 -1.342330e-02 -1.615520e-02  1.274690e-03 -1.834430e-03 -1.818690e-02  6.767280e-04 -9.426870e-03 -8.466710e-03 -8.093650e-03 -2.238990e-03 -9.076030e-03 -1.415180e-02  9.946220e-04 -3.536480e-03 -1.159970e-02  6.117080e-03
 8.203900e-03 -3.966790e-03 -7.681670e-03  2.302800e-02  5.071480e-03  1.379720e-02  1.501200e-02  2.532720e-03 -1.147690e-02  1.312080e-02 -2.712190e-03 -1.838650e-02  1.000000e+00 -8.362400e-02 -3.505600e-02  3.419430e-02  2.417380e-02  3.661910e-02 -4.273740e-02 -3.671460e-02  4.445560e-02 -2.662880e-02 -1.954870e-02 -1.820310e-02 -6.774630e-03 -1.260650e-02  2.896510e-02 -5.383820e-03  1.522060e-02  8.776730e-03 -6.737220e-03  2.955660e-03
 1.475780e-02 -1.128280e-02 -2.096060e-02  3.014560e-02  7.653190e-02  7.129220e-02  2.870150e-02  1.237100e-02 -1.079660e-02  7.861120e-03 -2.195690e-02 -2.406500e-02 -8.362400e-02  1.000000e+00 -8.900980e-02 -2.080900e-02 -4.920060e-03 -3.241190e-02 -8.717500e-02 -1.169210e-01 -2.900740e-02 -3.116800e-02 -5.559320e-02 -4.026520e-02 -2.027210e-02  4.394300e-03  1.451880e-03 -1.421650e-02  2.684780e-02  6.926730e-03 -1.680600e-02  9.461520e-03
 2.870690e-03  1.447820e-03 -3.803210e-03  5.999110e-03  2.957400e-02  2.507460e-02  7.871680e-03  4.518900e-03 -1.661250e-03 -6.470670e-04 -1.146750e-02 -4.894190e-03 -3.505600e-02 -8.900980e-02  1.000000e+00 -2.325150e-02 -1.505760e-02 -2.959900e-02 -2.062740e-02 -2.743250e-02 -2.412490e-02 -3.137530e-03 -1.225800e-02 -3.201720e-03 -7.730630e-03  1.565370e-03 -1.260840e-02 -1.269360e-02  2.702290e-03 -2.675570e-03 -1.139610e-02  2.860530e-03
-7.087930e-04  3.520020e-03 -4.347600e-03  2.107450e-02  2.492970e-03  1.240050e-02  1.506310e-02  2.785520e-03 -8.090350e-03  1.174950e-02 -6.161760e-03 -1.343370e-02  3.419430e-02 -2.080900e-02 -2.325150e-02  1.000000e+00  1.250010e-02  2.456690e-02 -2.895740e-02 -7.349550e-03  4.471730e-02 -1.480110e-02  4.719850e-03  1.407890e-02 -4.963220e-04 -1.503210e-02  1.554540e-02 -1.027210e-02 -1.929600e-04  2.490760e-03 -9.898750e-03 -2.204540e-03
-5.415360e-03  3.802350e-03 -1.765330e-03  1.121010e-02  6.150700e-04  7.619470e-03  9.422940e-03 -1.682080e-03 -1.108450e-03  2.803140e-03  1.505410e-03 -1.342330e-02  2.417380e-02 -4.920060e-03 -1.505760e-02  1.250010e-02  1.000000e+00  1.700710e-02 -1.902210e-02 -1.908980e-03  3.445350e-02 -1.330390e-02  7.642990e-03  1.276690e-02 -2.553410e-03 -8.773480e-03  2.011540e-03  3.089010e-02 -2.515500e-02 -5.815880e-03  2.144500e-02 -3.399010e-02
-3.509750e-03  2.370130e-03 -7.429520e-03  2.521670e-02  6.221340e-03  1.827420e-02  1.890350e-02  3.368830e-03 -7.952900e-03  1.309790e-02 -6.662820e-03 -1.615520e-02  3.661910e-02 -3.241190e-02 -2.959900e-02  2.456690e-02  1.700710e-02  1.000000e+00 -3.687630e-02 -1.260230e-02  5.115340e-02 -1.767100e-02  6.732340e-03  1.871190e-02  7.524020e-04 -1.538970e-02  1.632230e-02 -2.007670e-03 -4.743740e-03  2.698450e-03 -4.367200e-03 -8.299850e-03
 2.335600e-03 -4.459510e-03 -6.963200e-03  3.832390e-03  3.660170e-02  2.998720e-02  7.328520e-03  5.661410e-03  1.842470e-03 -3.029740e-04 -8.640660e-03  1.274690e-03 -4.273740e-02 -8.717500e-02 -2.062740e-02 -2.895740e-02 -1.902210e-02 -3.687630e-02  1.000000e+00 -3.199020e-02 -3.432050e-02  4.411080e-03 -4.903020e-03  4.960730e-03  1.542950e-03  1.082660e-02 -1.367800e-02 -1.028670e-02  8.631310e-03  7.238130e-04 -8.783750e-03  7.319160e-03
 5.803420e-03 -1.325310e-02 -1.231800e-02  1.038530e-02  3.510920e-02  3.157070e-02  1.054060e-02  6.002910e-03 -6.792880e-04  4.894090e-03 -2.862870e-03 -1.834430e-03 -3.671460e-02 -1.169210e-01 -2.743250e-02 -7.349550e-03 -1.908980e-03 -1.260230e-02 -3.199020e-02  1.000000e+00 -1.721460e-02 -4.414880e-03 -1.338160e-02 -8.587910e-03  4.951690e-03  1.292320e-02  5.265290e-03 -1.545620e-03  2.096180e-02  8.770230e-03 -2.563360e-03  1.090650e-02
 2.217940e-03 -4.282290e-03 -8.347620e-03  2.145540e-02 -1.089010e-02  2.376520e-03  1.370570e-02  3.480280e-04 -9.858200e-03  1.371820e-02  1.299860e-03 -1.818690e-02  4.445560e-02 -2.900740e-02 -2.412490e-02  4.471730e-02  3.445350e-02  5.115340e-02 -3.432050e-02 -1.721460e-02  1.000000e+00 -2.589080e-02 -7.686250e-03 -6.440020e-03 -2.570620e-03 -1.506910e-02  3.199990e-02  8.417350e-03  5.012550e-03  8.998860e-03  5.074290e-03 -5.849790e-03
 3.390140e-03  2.907030e-03  2.485710e-03 -6.331730e-03  3.819170e-03 -1.011750e-03 -4.565660e-03  1.571280e-04 -7.317140e-04 -5.274550e-03 -5.487000e-03  6.767280e-04 -2.662880e-02 -3.116800e-02 -3.137530e-03 -1.480110e-02 -1.330390e-02 -1.767100e-02  4.411080e-03 -4.414880e-03 -2.589080e-02  1.000000e+00 -1.688250e-02 -1.911670e-02 -1.080870e-02 -8.430830e-05 -9.282080e-03 -1.174780e-02  3.961350e-03 -2.267520e-03 -9.214730e-03  8.434700e-03
 4.222640e-03 -1.460480e-04 -1.053830e-03 -4.642240e-03 -1.039820e-02 -1.059140e-02 -4.562620e-03 -2.457120e-03 -4.421840e-03 -5.164270e-03 -3.415870e-03 -9.426870e-03 -1.954870e-02 -5.559320e-02 -1.225800e-02  4.719850e-03  7.642990e-03  6.732340e-03 -4.903020e-03 -1.338160e-02 -7.686250e-03 -1.688250e-02  1.000000e+00 -4.581980e-02 -2.220870e-02 -6.673630e-03  2.307080e-03  7.146600e-03  1.000750e-03  6.463280e-04  4.913850e-03  7.401320e-05
 7.747610e-03  1.646690e-03  4.862640e-03 -9.958670e-03 -2.317260e-02 -2.401540e-02 -1.179850e-02 -5.693910e-03 -5.106040e-03 -7.817520e-03  2.158580e-03 -8.466710e-03 -1.820310e-02 -4.026520e-02 -3.201720e-03  1.407890e-02  1.276690e-02  1.871190e-02  4.960730e-03 -8.587910e-03 -6.440020e-03 -1.911670e-02 -4.581980e-02  1.000000e+00 -2.635830e-02 -8.659990e-03  7.784920e-03  1.061830e-02  2.717330e-03 -1.245620e-04  6.984950e-03 -2.773900e-04
 2.179640e-03  1.178610e-02  7.755390e-03 -1.540940e-03 -9.169360e-03 -9.255740e-03 -3.198850e-03 -2.033000e-03 -5.395850e-03 -4.990190e-03 -7.046720e-03 -8.093650e-03 -6.774630e-03 -2.027210e-02 -7.730630e-03 -4.963220e-04 -2.553410e-03  7.524020e-04  1.542950e-03  4.951690e-03 -2.570620e-03 -1.080870e-02 -2.220870e-02 -2.635830e-02  1.000000e+00 -1.411080e-02 -4.907220e-03 -9.334210e-03 -8.299220e-03 -7.791770e-03 -8.952530e-03 -2.571970e-03
-7.708020e-04  1.343830e-02  1.080010e-02 -6.170740e-03 -1.601070e-03 -5.291240e-03 -5.095950e-03 -2.499350e-03  6.324350e-05 -8.509650e-03 -4.138370e-03 -2.238990e-03 -1.260650e-02  4.394300e-03  1.565370e-03 -1.503210e-02 -8.773480e-03 -1.538970e-02  1.082660e-02  1.292320e-02 -1.506910e-02 -8.430830e-05 -6.673630e-03 -8.659990e-03 -1.411080e-02  1.000000e+00 -1.699360e-02 -3.529200e-04 -1.850710e-02 -1.318670e-02 -1.937470e-03 -1.337990e-02
 2.233940e-03  9.794060e-03  3.746740e-03  1.431990e-02 -3.149070e-03  2.917850e-03  8.513560e-03  1.686760e-03 -8.427570e-03  7.840700e-03 -7.024430e-03 -9.076030e-03  2.896510e-02  1.451880e-03 -1.260840e-02  1.554540e-02  2.011540e-03  1.632230e-02 -1.367800e-02  5.265290e-03  3.199990e-02 -9.282080e-03  2.307080e-03  7.784920e-03 -4.907220e-03 -1.699360e-02  1.000000e+00 -2.556310e-02  1.510270e-03 -1.811420e-03 -2.114990e-02  4.868920e-03
-1.974080e-02  5.666060e-03 -1.432710e-03 -3.643850e-04  6.173720e-03  9.643480e-03  4.823860e-03 -5.833890e-03  9.320940e-03 -1.266210e-02  5.522490e-03 -1.415180e-02 -5.383820e-03 -1.421650e-02 -1.269360e-02 -1.027210e-02  3.089010e-02 -2.007670e-03 -1.028670e-02 -1.545620e-03  8.417350e-03 -1.174780e-02  7.146600e-03  1.061830e-02 -9.334210e-03 -3.529200e-04 -2.556310e-02  1.000000e+00 -6.872960e-02 -2.038540e-02  6.632520e-02 -7.971260e-02
 1.000960e-02  1.997950e-02  1.708490e-02  5.894200e-03 -3.532480e-03 -5.416310e-03 -3.404380e-04  2.270820e-03 -9.952930e-03  4.027020e-03 -1.107300e-02  9.946220e-04  1.522060e-02  2.684780e-02  2.702290e-03 -1.929600e-04 -2.515500e-02 -4.743740e-03  8.631310e-03  2.096180e-02  5.012550e-03  3.961350e-03  1.000750e-03  2.717330e-03 -8.299220e-03 -1.850710e-02  1.510270e-03 -6.872960e-02  1.000000e+00 -6.868800e-03 -5.357800e-02  2.897360e-02
 2.688790e-03  1.552950e-02  1.281010e-02  5.808680e-03 -1.517720e-04 -1.730590e-04  1.082310e-03 -3.568160e-04 -4.964910e-03 -1.449070e-04 -3.966460e-03 -3.536480e-03  8.776730e-03  6.926730e-03 -2.675570e-03  2.490760e-03 -5.815880e-03  2.698450e-03  7.238130e-04  8.770230e-03  8.998860e-03 -2.267520e-03  6.463280e-04 -1.245620e-04 -7.791770e-03 -1.318670e-02 -1.811420e-03 -2.038540e-02 -6.868800e-03  1.000000e+00 -1.858960e-02 -2.713020e-03
-1.282310e-02  7.889090e-03  2.548390e-03  7.260300e-04  8.275200e-03  9.620870e-03  3.774710e-03 -4.599290e-03  6.346440e-03 -1.012330e-02  3.934820e-03 -1.159970e-02 -6.737220e-03 -1.680600e-02 -1.139610e-02 -9.898750e-03  2.144500e-02 -4.367200e-03 -8.783750e-03 -2.563360e-03  5.074290e-03 -9.214730e-03  4.913850e-03  6.984950e-03 -8.952530e-03 -1.937470e-03 -2.114990e-02  6.632520e-02 -5.357800e-02 -1.858960e-02  1.000000e+00 -6.313170e-02
 1.307940e-02  1.701360e-02  1.661070e-02  6.365380e-03  4.704700e-03  9.427930e-04 -1.285740e-03  3.797460e-03 -9.532330e-03  5.602730e-03 -1.022170e-02  6.117080e-03  2.955660e-03  9.461520e-03  2.860530e-03 -2.204540e-03 -3.399010e-02 -8.299850e-03  7.319160e-03  1.090650e-02 -5.849790e-03  8.434700e-03  7.401320e-05 -2.773900e-04 -2.571970e-03 -1.337990e-02  4.868920e-03 -7.971260e-02  2.897360e-02 -2.713020e-03 -6.313170e-02  1.000000e+00
