 1.000000e+00 -5.588400e-02 -2.067480e-02 -2.292430e-02  6.575490e-03 -2.406820e-02 -1.148520e-02 -1.324210e-02  1.454140e-03 -5.391830e-03 -1.150250e-02 -1.905270e-03 -1.151540e-02 -1.506820e-02 -1.099820e-02  3.691600e-03 -1.345290e-02 -3.122510e-03  7.585580e-03 -3.189070e-02  9.567790e-03 -9.068930e-04  1.581190e-02  1.142990e-03 -2.238740e-02  9.309740e-03 -1.094160e-02 -8.325720e-03  3.811220e-03 -1.231690e-02 -1.994480e-03  7.762460e-03
-5.588400e-02  1.000000e+00 -2.810070e-02  3.379240e-02 -2.267860e-02  1.426050e-02 -5.405610e-03 -3.954570e-03  3.549610e-03 -1.866190e-02  3.205160e-02 -2.007950e-02 -1.061920e-02  2.122350e-02 -4.034950e-02  5.138800e-03  1.296320e-02 -2.957740e-02  1.272760e-02 -1.065880e-02  9.493290e-03 -1.160390e-03 -1.639910e-02  3.109620e-02 -2.899050e-02  1.488690e-02 -7.669290e-03 -8.989760e-03  5.948790e-03 -1.853710e-02  1.001770e-02 -1.754350e-02
-2.067480e-02 -2.810070e-02  1.000000e+00 -3.100700e-02 -6.328100e-03 -7.855750e-03 -7.387550e-03 -2.970710e-03 -1.474570e-02  7.897110e-03  4.278160e-03  2.827030e-02  2.833460e-02 -3.887170e-03  3.004530e-02 -4.966600e-03 -3.665740e-03  1.593070e-02 -2.323360e-02  1.570070e-02 -1.646390e-02  7.186690e-03  6.327670e-03  6.939900e-04  5.254490e-02 -3.126030e-04  1.973250e-03  7.567210e-03 -7.291400e-03  8.907110e-03 -7.672670e-03  9.320570e-03
-2.292430e-02  3.379240e-02 -3.100700e-02  1.000000e+00 -1.940930e-02 -7.872330e-03 -8.285970e-04 -8.682690e-03  9.706020e-04  1.105270e-03  1.002690e-02  4.966850e-03  7.021460e-04  1.815630e-02 -2.116040e-02  7.109050e-03  1.000310e-02 -1.806640e-02  6.330490e-03 -8.134010e-03  2.836740e-03 -6.481400e-03  1.520490e-03  1.323410e-02 -6.824760e-03  9.201790e-03  1.799950e-03 -1.035340e-02  9.952910e-04 -8.792930e-03  6.144580e-03 -1.775670e-02
 6.575490e-03 -2.267860e-02 -6.328100e-03 -1.940930e-02  1.000000e+00 -1.329450e-02 -9.865520e-03 -4.647930e-03 -4.221240e-03  7.246650e-03 -2.085530e-06  1.345640e-02  9.406790e-03 -7.182070e-03  6.819180e-03 -5.063960e-03 -8.173940e-03  1.192140e-03 -1.212170e-02 -1.096130e-03 -9.719460e-03  1.174810e-03  5.365910e-03 -1.363030e-03  1.307700e-02  3.009500e-04 -5.440650e-03 -4.126910e-03 -6.232650e-03 -1.242470e-03 -7.456900e-03 -3.348600e-03
-2.406820e-02  1.426050e-02 -7.855750e-03 -7.872330e-03 -1.329450e-02  1.000000e+00 -1.162570e-02 -1.927930e-03 -2.735210e-03 -4.462910e-03  1.896920e-02  2.907220e-03  6.573750e-03  2.946320e-03 -4.198380e-03 -3.778940e-03 -1.405430e-03 -6.155910e-03 -6.058740e-03 -4.381740e-03 -2.947380e-03  4.204370e-03 -6.757790e-03  1.278690e-02  8.809040e-03  5.325560e-03 -7.757860e-03 -1.180800e-03 -1.165370e-03 -6.206820e-03 -2.455700e-03 -3.180120e-03
-1.148520e-02 -5.405610e-03 -7.387550e-03 -8.285970e-04 -9.865520e-03 -1.162570e-02  1.000000e+00 -5.047450e-03 -2.659850e-03  8.874580e-03 -2.680060e-03  1.023680e-02  3.473890e-03 -4.564510e-04 -1.796070e-03 -2.282900e-03  2.481450e-06 -3.163110e-03 -7.089100e-03 -1.855440e-03 -6.380030e-03 -4.757390e-03  5.191930e-03 -2.392100e-03  7.972240e-03 -1.287660e-03  6.881660e-04 -6.239700e-03 -5.577600e-03  1.231720e-03 -2.255070e-03 -9.534270e-03
-1.324210e-02 -3.954570e-03 -2.970710e-03 -8.682690e-03 -4.647930e-03 -1.927930e-03 -5.047450e-03  1.000000e+00 -9.203390e-03 -8.957450e-03  3.785250e-04 -4.314860e-03  1.042610e-03 -5.194130e-03  6.402160e-04 -4.282320e-03 -3.833740e-03 -1.957440e-03 -1.106980e-02  9.300300e-05 -9.280050e-03 -1.458360e-03 -6.836630e-03  2.866350e-03  9.006070e-03  4.057860e-03 -2.755090e-03  1.168160e-03 -1.485710e-03  4.104110e-04 -1.243440e-03  1.119690e-03
 1.454140e-03  3.549610e-03 -1.474570e-02  9.706020e-04 -4.221240e-03 -2.735210e-03 -2.659850e-03 -9.203390e-03  1.000000e+00 -2.472970e-02 -7.883040e-03 -1.949960e-02 -1.236530e-02  8.319190e-05 -1.158710e-02 -1.366500e-03 -4.602960e-03 -1.165600e-02 -3.247090e-03 -1.797980e-02 -4.178670e-03 -1.024190e-02 -1.673990e-02  1.065280e-03 -1.190530e-03  7.908970e-03 -1.503650e-03  3.977910e-04  5.772060e-03 -3.028900e-03  4.861820e-03  1.805710e-03
-5.391830e-03 -1.866190e-02  7.897110e-03  1.105270e-03  7.246650e-03 -4.462910e-03  8.874580e-03 -8.957450e-03 -2.472970e-02  1.000000e+00 -4.168160e-02 -3.861170e-02 -2.733620e-02 -1.715550e-02 -5.454780e-03 -1.282680e-02 -1.287830e-02 -6.928690e-03 -1.735250e-02 -8.463800e-03 -1.564710e-02 -2.084840e-02 -2.575080e-02 -2.208450e-02  6.470470e-03 -1.841520e-03  5.033780e-03  4.589590e-03  2.249360e-03  1.245380e-02  5.200410e-03  6.573350e-03
-1.150250e-02  3.205160e-02  4.278160e-03  1.002690e-02 -2.085530e-06  1.896920e-02 -2.680060e-03  3.785250e-04 -7.883040e-03 -4.168160e-02  1.000000e+00 -5.447680e-02 -3.313320e-02 -9.377670e-03 -2.820590e-02 -1.409220e-02 -1.414480e-02 -2.477520e-02 -1.215140e-03 -1.513270e-02 -1.734390e-03 -1.053900e-02 -3.648220e-02  5.333760e-03 -2.171950e-02  1.544400e-02 -2.735000e-03  1.007740e-02  1.413860e-02  4.550430e-05  1.045550e-02  2.791560e-03
-1.905270e-03 -2.007950e-02  2.827030e-02  4.966850e-03  1.345640e-02  2.907220e-03  1.023680e-02 -4.314860e-03 -1.949960e-02 -3.861170e-02 -5.447680e-02  1.000000e+00 -5.163610e-02 -3.009100e-02 -1.899350e-02 -2.705290e-02 -2.533570e-02 -1.569030e-02 -1.342950e-02 -1.926600e-02 -1.018700e-02 -2.929480e-02 -3.320840e-02 -3.231800e-02 -5.590770e-03 -4.540470e-03  8.303300e-03  1.000860e-02  7.038390e-03  1.974180e-02  7.969220e-03  6.298980e-03
-1.151540e-02 -1.061920e-02  2.833460e-02  7.021460e-04  9.406790e-03  6.573750e-03  3.473890e-03  1.042610e-03 -1.236530e-02 -2.733620e-02 -3.313320e-02 -5.163610e-02  1.000000e+00 -3.152180e-02 -1.798060e-02 -2.509090e-02 -2.220960e-02 -1.396790e-02 -1.494390e-02 -3.738110e-03 -1.204760e-02 -1.700130e-02 -2.492870e-02 -1.722980e-02 -1.465310e-02  1.311040e-03  2.009170e-03  8.258130e-03  3.291600e-03  1.411770e-02  4.103500e-03  1.935880e-03
-1.506820e-02  2.122350e-02 -3.887170e-03  1.815630e-02 -7.182070e-03  2.946320e-03 -4.564510e-04 -5.194130e-03  8.319190e-05 -1.715550e-02 -9.377670e-03 -3.009100e-02 -3.152180e-02  1.000000e+00 -3.495680e-02 -1.191370e-02 -9.007620e-03 -2.573690e-02  7.551990e-03 -2.513760e-02  9.380480e-03 -1.478460e-02 -1.391670e-02 -8.081290e-04 -1.808490e-02  4.668660e-03  2.534080e-04 -2.974710e-03  6.730430e-03 -2.545390e-03  7.521920e-03 -9.685650e-03
-1.099820e-02 -4.034950e-02  3.004530e-02 -2.116040e-02  6.819180e-03 -4.198380e-03 -1.796070e-03  6.402160e-04 -1.158710e-02 -5.454780e-03 -2.820590e-02 -1.899350e-02 -1.798060e-02 -3.495680e-02  1.000000e+00 -2.836890e-02 -2.663000e-02 -1.609360e-03 -2.237600e-02  8.702290e-03 -1.259030e-02 -5.286370e-03 -2.884400e-03 -1.739910e-02  1.197980e-02 -4.363900e-03 -1.083500e-03  5.265910e-03 -6.797700e-03  1.265320e-02 -7.207200e-03  2.950930e-03
 3.691600e-03  5.138800e-03 -4.966600e-03  7.109050e-03 -5.063960e-03 -3.778940e-03 -2.282900e-03 -4.282320e-03 -1.366500e-03 -1.282680e-02 -1.409220e-02 -2.705290e-02 -2.509090e-02 -1.191370e-02 -2.836890e-02  1.000000e+00 -1.766320e-02 -2.445990e-02 -4.964810e-04 -1.024020e-02  2.490150e-04 -1.092080e-02 -7.785150e-03 -9.397600e-05 -1.742670e-02  1.213300e-02  1.837010e-04 -7.104610e-04  5.055350e-03 -1.515900e-03  3.895360e-03 -1.002470e-02
-1.345290e-02  1.296320e-02 -3.665740e-03  1.000310e-02 -8.173940e-03 -1.405430e-03  2.481450e-06 -3.833740e-03 -4.602960e-03 -1.287830e-02 -1.414480e-02 -2.533570e-02 -2.220960e-02 -9.007620e-03 -2.663000e-02 -1.766320e-02  1.000000e+00 -2.571920e-02 -3.145780e-03 -4.886080e-03 -1.270170e-03 -1.294080e-02 -1.007250e-02 -4.731140e-05 -6.105840e-03  1.185010e-02  3.942250e-03  1.580750e-03  3.927690e-03  1.422020e-03  4.122030e-03 -1.195380e-02
-3.122510e-03 -2.957740e-02  1.593070e-02 -1.806640e-02  1.192140e-03 -6.155910e-03 -3.163110e-03 -1.957440e-03 -1.165600e-02 -6.928690e-03 -2.477520e-02 -1.569030e-02 -1.396790e-02 -2.573690e-02 -1.609360e-03 -2.445990e-02 -2.571920e-02  1.000000e+00 -2.044470e-02  3.382400e-03 -1.528070e-02 -9.827370e-03 -7.241760e-03 -1.413650e-02  1.584860e-02  1.731360e-03  2.457640e-03  6.777370e-03 -3.218130e-03  1.014040e-02 -5.464750e-03 -7.754620e-04
 7.585580e-03  1.272760e-02 -2.323360e-02  6.330490e-03 -1.212170e-02 -6.058740e-03 -7.089100e-03 -1.106980e-02 -3.247090e-03 -1.735250e-02 -1.215140e-03 -1.342950e-02 -1.494390e-02  7.551990e-03 -2.237600e-02 -4.964810e-04 -3.145780e-03 -2.044470e-02  1.000000e+00 -3.788910e-02  7.149950e-03 -1.468730e-02 -1.348000e-02  2.445610e-03 -6.409220e-03  7.839430e-03 -2.276330e-03 -5.465690e-03  6.765900e-03 -7.794350e-03  4.990980e-03 -7.286930e-03
-3.189070e-02 -1.065880e-02  1.570070e-02 -8.134010e-03 -1.096130e-03 -4.381740e-03 -1.855440e-03  9.300300e-05 -1.797980e-02 -8.463800e-03 -1.513270e-02 -1.926600e-02 -3.738110e-03 -2.513760e-02  8.702290e-03 -1.024020e-02 -4.886080e-03  3.382400e-03 -3.788910e-02  1.000000e+00 -4.388130e-02 -1.053310e-02 -2.043690e-02 -1.276430e-02 -5.427970e-03 -4.630720e-03 -4.408370e-03 -2.646250e-03 -1.501420e-02  8.099280e-03 -9.129310e-03 -1.040420e-02
 9.567790e-03  9.493290e-03 -1.646390e-02  2.836740e-03 -9.719460e-03 -2.947380e-03 -6.380030e-03 -9.280050e-03 -4.178670e-03 -1.564710e-02 -1.734390e-03 -1.018700e-02 -1.204760e-02  9.380480e-03 -1.259030e-02  2.490150e-04 -1.270170e-03 -1.528070e-02  7.149950e-03 -4.388130e-02  1.000000e+00 -2.251640e-02 -2.036840e-02 -5.300520e-03  7.713110e-04 -2.398650e-04 -7.062250e-05 -3.732940e-03  2.896840e-03 -6.576830e-03 -7.191320e-05 -8.436520e-03
-9.068930e-04 -1.160390e-03  7.186690e-03 -6.481400e-03  1.174810e-03  4.204370e-03 -4.757390e-03 -1.458360e-03 -1.024190e-02 -2.084840e-02 -1.053900e-02 -2.929480e-02 -1.700130e-02 -1.478460e-02 -5.286370e-03 -1.092080e-02 -1.294080e-02 -9.827370e-03 -1.468730e-02 -1.053310e-02 -2.251640e-02  1.000000e+00 -3.144260e-02 -1.199280e-02 -1.499590e-02 -5.437000e-03 -6.662250e-03 -1.886300e-03 -8.862720e-03 -7.658710e-03 -1.255150e-02 -1.173120e-02
 1.581190e-02 -1.639910e-02  6.327670e-03  1.520490e-03  5.365910e-03 -6.757790e-03  5.191930e-03 -6.836630e-03 -1.673990e-02 -2.575080e-02 -3.648220e-02 -3.320840e-02 -2.492870e-02 -1.391670e-02 -2.884400e-03 -7.785150e-03 -1.007250e-02 -7.241760e-03 -1.348000e-02 -2.043690e-02 -2.036840e-02 -3.144260e-02  1.000000e+00 -3.195130e-02 -1.510620e-02 -1.620880e-02 -3.622450e-03 -8.697540e-03 -1.043510e-02 -1.498960e-03 -9.820480e-03 -1.158160e-02
 1.142990e-03  3.109620e-02  6.939900e-04  1.323410e-02 -1.363030e-03  1.278690e-02 -2.392100e-03  2.866350e-03  1.065280e-03 -2.208450e-02  5.333760e-03 -3.231800e-02 -1.722980e-02 -8.081290e-04 -1.739910e-02 -9.397600e-05 -4.731140e-05 -1.413650e-02  2.445610e-03 -1.276430e-02 -5.300520e-03 -1.199280e-02 -3.195130e-02  1.000000e+00 -4.681630e-02 -9.998950e-03 -1.825670e-02 -1.468830e-02 -9.619520e-03 -2.126200e-02 -1.127100e-02 -1.895160e-02
-2.238740e-02 -2.899050e-02  5.254490e-02 -6.824760e-03  1.307700e-02  8.809040e-03  7.972240e-03  9.006070e-03 -1.190530e-03  6.470470e-03 -2.171950e-02 -5.590770e-03 -1.465310e-02 -1.808490e-02  1.197980e-02 -1.742670e-02 -6.105840e-03  1.584860e-02 -6.409220e-03 -5.427970e-03  7.713110e-04 -1.499590e-02 -1.510620e-02 -4.681630e-02  1.000000e+00 -6.293920e-02 -2.138610e-02 -2.456340e-02 -3.830580e-02 -1.171900e-02 -3.574950e-02 -1.738170e-02
 9.309740e-03  1.488690e-02 -3.126030e-04  9.201790e-03  3.009500e-04  5.325560e-03 -1.287660e-03  4.057860e-03  7.908970e-03 -1.841520e-03  1.544400e-02 -4.540470e-03  1.311040e-03  4.668660e-03 -4.363900e-03  1.213300e-02  1.185010e-02  1.731360e-03  7.839430e-03 -4.630720e-03 -2.398650e-04 -5.437000e-03 -1.620880e-02 -9.998950e-03 -6.293920e-02  1.000000e+00 -3.544530e-02 -3.833060e-02 -3.359680e-02 -4.226600e-02 -3.257900e-02 -3.153630e-02
-1.094160e-02 -7.669290e-03  1.973250e-03  1.799950e-03 -5.440650e-03 -7.757860e-03  6.881660e-04 -2.755090e-03 -1.503650e-03  5.033780e-03 -2.735000e-03  8.303300e-03  2.009170e-03  2.534080e-04 -1.083500e-03  1.837010e-04  3.942250e-03  2.457640e-03 -2.276330e-03 -4.408370e-03 -7.062250e-05 -6.662250e-03 -3.622450e-03 -1.825670e-02 -2.138610e-02 -3.544530e-02  1.000000e+00 -3.326780e-02 -3.150500e-02 -2.572040e-02 -2.723080e-02 -2.578000e-02
-8.325720e-03 -8.989760e-03  7.567210e-03 -1.035340e-02 -4.126910e-03 -1.180800e-03 -6.239700e-03  1.168160e-03  3.977910e-04  4.589590e-03  1.007740e-02  1.000860e-02  8.258130e-03 -2.974710e-03  5.265910e-03 -7.104610e-04  1.580750e-03  6.777370e-03 -5.465690e-03 -2.646250e-03 -3.732940e-03 -1.886300e-03 -8.697540e-03 -1.468830e-02 -2.456340e-02 -3.833060e-02 -3.326780e-02  1.000000e+00 -3.655710e-02 -3.373820e-02 -3.633880e-02 -2.574000e-02
 3.811220e-03  5.948790e-03 -7.291400e-03  9.952910e-04 -6.232650e-03 -1.165370e-03 -5.577600e-03 -1.485710e-03  5.772060e-03  2.249360e-03  1.413860e-02  7.038390e-03  3.291600e-03  6.730430e-03 -6.797700e-03  5.055350e-03  3.927690e-03 -3.218130e-03  6.765900e-03 -1.501420e-02  2.896840e-03 -8.862720e-03 -1.043510e-02 -9.619520e-03 -3.830580e-02 -3.359680e-02 -3.150500e-02 -3.655710e-02  1.000000e+00 -4.320980e-02 -3.508260e-02 -3.299860e-02
-1.231690e-02 -1.853710e-02  8.907110e-03 -8.792930e-03 -1.242470e-03 -6.206820e-03  1.231720e-03  4.104110e-04 -3.028900e-03  1.245380e-02  4.550430e-05  1.974180e-02  1.411770e-02 -2.545390e-03  1.265320e-02 -1.515900e-03  1.422020e-03  1.014040e-02 -7.794350e-03  8.099280e-03 -6.576830e-03 -7.658710e-03 -1.498960e-03 -2.126200e-02 -1.171900e-02 -4.226600e-02 -2.572040e-02 -3.373820e-02 -4.320980e-02  1.000000e+00 -4.133390e-02 -3.046080e-02
-1.994480e-03  1.001770e-02 -7.672670e-03  6.144580e-03 -7.456900e-03 -2.455700e-03 -2.255070e-03 -1.243440e-03  4.861820e-03  5.200410e-03  1.045550e-02  7.969220e-03  4.103500e-03  7.521920e-03 -7.207200e-03  3.895360e-03  4.122030e-03 -5.464750e-03  4.990980e-03 -9.129310e-03 -7.191320e-05 -1.255150e-02 -9.820480e-03 -1.127100e-02 -3.574950e-02 -3.257900e-02 -2.723080e-02 -3.633880e-02 -3.508260e-02 -4.133390e-02  1.000000e+00 -3.819210e-02
 7.762460e-03 -1.754350e-02  9.320570e-03 -1.775670e-02 -3.348600e-03 -3.180120e-03 -9.534270e-03  1.119690e-03  1.805710e-03  6.573350e-03  2.791560e-03  6.298980e-03  1.935880e-03 -9.685650e-03  2.950930e-03 -1.002470e-02 -1.195380e-02 -7.754620e-04 -7.286930e-03 -1.040420e-02 -8.436520e-03 -1.173120e-02 -1.158160e-02 -1.895160e-02 -1.738170e-02 -3.153630e-02 -2.578000e-02 -2.574000e-02 -3.299860e-02 -3.046080e-02 -3.819210e-02  1.000000e+00
