 1.000000e+00 -6.118620e-02 -1.481050e-02 -7.632840e-04 -5.187120e-03 -3.058860e-03 -3.377370e-03 -2.462020e-03 -3.901350e-03 -2.267730e-03 -6.255740e-03 -4.025610e-03 -2.938870e-03 -5.630420e-03 -8.818670e-03  1.960600e-03 -8.457660e-03 -3.935660e-03 -2.139710e-03 -3.394840e-03 -1.543120e-03 -9.783790e-04  5.610390e-04 -2.469820e-03  2.560330e-03 -3.775290e-03  9.622940e-04 -6.889480e-04  1.153780e-03 -5.016000e-04 -4.773720e-04  6.959560e-04
-6.118620e-02  1.000000e+00 -2.976250e-02 -8.608960e-03 -3.826520e-03 -6.020240e-03  4.864580e-04 -2.058980e-03  2.656850e-03 -1.265840e-03 -2.238180e-03 -1.504960e-06 -3.306980e-03 -3.932690e-03  1.680940e-04 -5.306220e-03 -5.458910e-04 -5.290650e-03 -4.734400e-03 -1.920530e-03 -3.894310e-03 -1.004710e-03 -5.076900e-03 -1.310980e-03 -6.905120e-03  1.647220e-03 -3.831870e-03  3.834550e-03  6.119250e-05  9.743830e-05  5.608260e-04 -1.002470e-03
-1.481050e-02 -2.976250e-02  1.000000e+00 -2.014690e-02 -8.102900e-03 -6.836360e-03 -5.007080e-03 -3.462830e-03 -3.642040e-03 -2.161390e-03 -2.242040e-04 -2.246060e-03 -4.158380e-03 -5.150110e-03 -7.680840e-03 -7.459050e-04 -4.889340e-03 -4.595080e-04 -4.752630e-04 -2.297290e-03 -9.028630e-04 -8.108060e-04 -6.102820e-05 -1.774530e-04 -1.056510e-03  2.855570e-04 -7.748570e-04 -1.423030e-04 -2.309710e-04 -5.005880e-05  3.697790e-04 -5.071400e-04
-7.632840e-04 -8.608960e-03 -2.014690e-02  1.000000e+00 -2.569900e-02 -1.217560e-02 -1.186580e-02 -7.852690e-03 -8.415150e-03 -3.983500e-03 -3.719170e-03 -5.208020e-03 -7.071820e-03 -6.878880e-03 -3.678420e-03 -1.963770e-03 -3.213880e-04 -2.547160e-03 -1.940080e-03 -3.009710e-03 -2.315520e-03 -1.094010e-03  1.011320e-04  9.624390e-04 -7.171370e-04 -2.022990e-04  3.781290e-04 -5.249470e-04  5.364480e-04  3.830250e-05  1.874090e-03 -9.201560e-04
-5.187120e-03 -3.826520e-03 -8.102900e-03 -2.569900e-02  1.000000e+00 -3.078280e-02 -9.952010e-03 -1.683630e-02 -7.710360e-03 -6.513520e-03 -3.687640e-03 -6.643190e-03 -5.995590e-03 -6.105700e-03 -3.313870e-03 -2.729370e-03 -2.876390e-03 -1.914980e-03 -2.382940e-03 -1.810780e-03 -3.952720e-03 -1.186500e-03 -8.865390e-04 -2.595630e-03 -1.285470e-03  4.036540e-05 -2.437630e-03 -3.757320e-04  5.308710e-04  1.877440e-04 -4.746760e-04 -6.130590e-04
-3.058860e-03 -6.020240e-03 -6.836360e-03 -1.217560e-02 -3.078280e-02  1.000000e+00 -3.838340e-02 -1.757550e-02 -1.827680e-02 -8.402980e-03 -8.553410e-03 -6.948850e-03 -9.301800e-03 -7.160120e-03 -9.014900e-03 -2.369210e-03 -3.318550e-03 -2.980500e-03 -1.190580e-03 -4.446960e-03 -2.227550e-03 -4.160020e-03 -1.926340e-03 -3.008400e-03 -2.425090e-03 -4.409890e-03  9.345840e-04 -1.378870e-03  1.587930e-04  1.577570e-04  2.186180e-03  1.122540e-04
-3.377370e-03  4.864580e-04 -5.007080e-03 -1.186580e-02 -9.952010e-03 -3.838340e-02  1.000000e+00 -4.934370e-02 -2.175760e-02 -1.906740e-02 -9.761860e-03 -1.059510e-02 -1.016290e-02 -9.229450e-03 -1.307340e-03 -4.643580e-03 -2.791660e-03 -3.882840e-03 -3.835160e-03 -1.503910e-03 -3.928370e-03 -3.122870e-03 -5.206630e-03 -6.431660e-03 -4.520600e-03 -1.233120e-03 -3.550910e-03 -1.049090e-03  4.924620e-04 -2.377500e-05 -5.590010e-04  1.241680e-04
-2.462020e-03 -2.058980e-03 -3.462830e-03 -7.852690e-03 -1.683630e-02 -1.757550e-02 -4.934370e-02  1.000000e+00 -4.555360e-02 -2.205350e-02 -1.707680e-02 -1.174380e-02 -1.342250e-02 -8.155980e-03 -7.628600e-03 -1.617500e-03 -5.912410e-03 -3.777130e-03 -3.761850e-03 -4.859730e-03 -2.761150e-03 -4.306080e-03 -4.691350e-03 -4.430860e-03 -3.973660e-03 -2.254650e-03  8.308060e-04  1.114780e-04  3.419990e-04 -1.393080e-04  2.074860e-03  6.319800e-04
-3.901350e-03  2.656850e-03 -3.642040e-03 -8.415150e-03 -7.710360e-03 -1.827680e-02 -2.175760e-02 -4.555360e-02  1.000000e+00 -3.656880e-02 -1.427330e-02 -1.693240e-02 -1.122210e-02 -1.064420e-02 -4.031690e-03 -4.713100e-03 -1.571830e-03 -7.457010e-03 -3.763170e-03 -3.319950e-03 -3.714950e-03 -1.300110e-03 -2.638220e-03 -2.072420e-03 -2.363660e-03 -8.622870e-04  9.982680e-04  1.600410e-06  6.659910e-04 -1.812740e-04 -6.697810e-04  3.136640e-04
-2.267730e-03 -1.265840e-03 -2.161390e-03 -3.983500e-03 -6.513520e-03 -8.402980e-03 -1.906740e-02 -2.205350e-02 -3.656880e-02  1.000000e+00 -3.452820e-02 -1.390680e-02 -1.680030e-02 -7.603020e-03 -8.868240e-03 -4.681130e-03 -5.212330e-03 -5.804570e-03 -4.877010e-03 -5.123460e-03 -1.910830e-03 -9.393820e-04 -2.526860e-03 -4.696380e-05 -2.496560e-03  1.236470e-03 -2.126130e-05  5.094570e-04 -1.332940e-04  1.430860e-04  9.679150e-04 -1.003120e-03
-6.255740e-03 -2.238180e-03 -2.242040e-04 -3.719170e-03 -3.687640e-03 -8.553410e-03 -9.761860e-03 -1.707680e-02 -1.427330e-02 -3.452820e-02  1.000000e+00 -3.813040e-02 -1.460980e-02 -1.512020e-02 -7.780150e-03 -3.308930e-03 -8.641330e-03 -6.248800e-03 -6.669650e-03 -4.425540e-03 -5.349480e-03 -3.892370e-03 -3.649780e-03 -5.878210e-03 -4.927670e-03 -2.802160e-03  7.686480e-04 -1.316080e-03  4.140960e-04 -4.408670e-04  1.528860e-03  4.865440e-04
-4.025610e-03 -1.504960e-06 -2.246060e-03 -5.208020e-03 -6.643190e-03 -6.948850e-03 -1.059510e-02 -1.174380e-02 -1.693240e-02 -1.390680e-02 -3.813040e-02  1.000000e+00 -3.967450e-02 -1.891380e-02 -1.676820e-02 -7.993680e-03 -7.823560e-03 -1.191680e-02 -6.264460e-03 -7.138270e-03 -4.361960e-03 -4.452450e-03 -3.782390e-03 -3.985930e-03 -2.678010e-03 -2.136050e-03  6.654060e-04  1.672470e-04  1.346830e-04  6.792620e-05 -1.593360e-03 -1.605210e-03
-2.938870e-03 -3.306980e-03 -4.158380e-03 -7.071820e-03 -5.995590e-03 -9.301800e-03 -1.016290e-02 -1.342250e-02 -1.122210e-02 -1.680030e-02 -1.460980e-02 -3.967450e-02  1.000000e+00 -4.144840e-02 -1.838840e-02 -9.652630e-03 -1.377850e-02 -1.057290e-02 -8.283390e-03 -7.870720e-03 -7.954150e-03 -6.708870e-03 -2.951310e-03 -4.890930e-03 -3.702240e-03 -5.991400e-04 -1.017780e-03 -8.099520e-04 -7.496660e-05 -1.550530e-04  1.531370e-03  2.533440e-05
-5.630420e-03 -3.932690e-03 -5.150110e-03 -6.878880e-03 -6.105700e-03 -7.160120e-03 -9.229450e-03 -8.155980e-03 -1.064420e-02 -7.603020e-03 -1.512020e-02 -1.891380e-02 -4.144840e-02  1.000000e+00 -4.347180e-02 -1.265570e-02 -1.844430e-02 -1.281230e-02 -1.189370e-02 -8.041360e-03 -7.329310e-03 -6.227880e-03 -5.204590e-03 -4.121240e-03 -3.288560e-03 -3.140470e-03  5.704060e-06  1.091640e-03 -1.728040e-04 -1.619400e-04  4.482760e-04 -4.994320e-04
-8.818670e-03  1.680940e-04 -7.680840e-03 -3.678420e-03 -3.313870e-03 -9.014900e-03 -1.307340e-03 -7.628600e-03 -4.031690e-03 -8.868240e-03 -7.780150e-03 -1.676820e-02 -1.838840e-02 -4.347180e-02  1.000000e+00 -2.933030e-02 -1.787640e-02 -2.119020e-02 -1.166870e-02 -8.673210e-03 -7.948180e-03 -6.844100e-03 -5.625900e-03 -5.356760e-03 -5.987530e-03 -3.521560e-04 -2.602680e-03 -1.071260e-03  1.541590e-03 -5.315110e-04 -8.107580e-04 -8.007710e-04
 1.960600e-03 -5.306220e-03 -7.459050e-04 -1.963770e-03 -2.729370e-03 -2.369210e-03 -4.643580e-03 -1.617500e-03 -4.713100e-03 -4.681130e-03 -3.308930e-03 -7.993680e-03 -9.652630e-03 -1.265570e-02 -2.933030e-02  1.000000e+00 -2.952030e-02 -1.150790e-02 -1.623540e-02 -7.097560e-03 -6.863120e-03 -6.564430e-03 -5.064510e-03 -3.316630e-03 -2.278170e-03 -4.724780e-03 -4.108180e-04 -1.705060e-03 -1.297330e-02  8.288500e-04  9.706890e-04 -4.764660e-04
-8.457660e-03 -5.458910e-04 -4.889340e-03 -3.213880e-04 -2.876390e-03 -3.318550e-03 -2.791660e-03 -5.912410e-03 -1.571830e-03 -5.212330e-03 -8.641330e-03 -7.823560e-03 -1.377850e-02 -1.844430e-02 -1.787640e-02 -2.952030e-02  1.000000e+00 -4.660860e-02 -2.216880e-02 -2.240520e-02 -1.382350e-02 -1.336000e-02 -8.488820e-03 -7.035710e-03 -6.325730e-03 -4.244570e-03 -5.879090e-03 -1.274350e-04  6.781640e-04 -5.139810e-05 -7.450430e-04  7.506910e-04
-3.935660e-03 -5.290650e-03 -4.595080e-04 -2.547160e-03 -1.914980e-03 -2.980500e-03 -3.882840e-03 -3.777130e-03 -7.457010e-03 -5.804570e-03 -6.248800e-03 -1.191680e-02 -1.057290e-02 -1.281230e-02 -2.119020e-02 -1.150790e-02 -4.660860e-02  1.000000e+00 -4.874460e-02 -2.293550e-02 -2.339530e-02 -1.553210e-02 -1.079250e-02 -7.235820e-03 -5.507230e-03 -7.283610e-03 -5.623620e-03 -2.878430e-03  5.045520e-04 -1.741450e-04  1.828620e-03  3.518720e-05
-2.139710e-03 -4.734400e-03 -4.752630e-04 -1.940080e-03 -2.382940e-03 -1.190580e-03 -3.835160e-03 -3.761850e-03 -3.763170e-03 -4.877010e-03 -6.669650e-03 -6.264460e-03 -8.283390e-03 -1.189370e-02 -1.166870e-02 -1.623540e-02 -2.216880e-02 -4.874460e-02  1.000000e+00 -4.283080e-02 -2.016680e-02 -2.186640e-02 -1.410250e-02 -1.066820e-02 -7.608140e-03 -7.446910e-03 -7.255680e-03 -1.876310e-03 -1.065550e-03  1.436100e-04 -5.051720e-04 -6.179630e-04
-3.394840e-03 -1.920530e-03 -2.297290e-03 -3.009710e-03 -1.810780e-03 -4.446960e-03 -1.503910e-03 -4.859730e-03 -3.319950e-03 -5.123460e-03 -4.425540e-03 -7.138270e-03 -7.870720e-03 -8.041360e-03 -8.673210e-03 -7.097560e-03 -2.240520e-02 -2.293550e-02 -4.283080e-02  1.000000e+00 -4.627270e-02 -2.345820e-02 -2.223910e-02 -1.227300e-02 -8.927340e-03 -8.735950e-03 -1.020820e-02 -3.091600e-03 -1.500320e-03  1.943730e-04 -9.105780e-04  3.912230e-04
-1.543120e-03 -3.894310e-03 -9.028630e-04 -2.315520e-03 -3.952720e-03 -2.227550e-03 -3.928370e-03 -2.761150e-03 -3.714950e-03 -1.910830e-03 -5.349480e-03 -4.361960e-03 -7.954150e-03 -7.329310e-03 -7.948180e-03 -6.863120e-03 -1.382350e-02 -2.339530e-02 -2.016680e-02 -4.627270e-02  1.000000e+00 -5.396740e-02 -2.542470e-02 -2.220700e-02 -1.365800e-02 -1.339540e-02 -1.288480e-02 -4.565240e-03 -7.517560e-04  6.717350e-05 -9.106600e-06 -9.928880e-04
-9.783790e-04 -1.004710e-03 -8.108060e-04 -1.094010e-03 -1.186500e-03 -4.160020e-03 -3.122870e-03 -4.306080e-03 -1.300110e-03 -9.393820e-04 -3.892370e-03 -4.452450e-03 -6.708870e-03 -6.227880e-03 -6.844100e-03 -6.564430e-03 -1.336000e-02 -1.553210e-02 -2.186640e-02 -2.345820e-02 -5.396740e-02  1.000000e+00 -5.359550e-02 -2.416280e-02 -2.395110e-02 -1.725740e-02 -1.629160e-02 -4.748700e-03 -3.068780e-04 -2.506060e-04  1.773840e-04 -8.457150e-04
 5.610390e-04 -5.076900e-03 -6.102820e-05  1.011320e-04 -8.865390e-04 -1.926340e-03 -5.206630e-03 -4.691350e-03 -2.638220e-03 -2.526860e-03 -3.649780e-03 -3.782390e-03 -2.951310e-03 -5.204590e-03 -5.625900e-03 -5.064510e-03 -8.488820e-03 -1.079250e-02 -1.410250e-02 -2.223910e-02 -2.542470e-02 -5.359550e-02  1.000000e+00 -5.176640e-02 -2.548540e-02 -1.662760e-02 -1.911510e-02 -4.205370e-03 -1.282300e-03 -2.510960e-05 -5.653050e-04  1.309150e-04
-2.469820e-03 -1.310980e-03 -1.774530e-04  9.624390e-04 -2.595630e-03 -3.008400e-03 -6.431660e-03 -4.430860e-03 -2.072420e-03 -4.696380e-05 -5.878210e-03 -3.985930e-03 -4.890930e-03 -4.121240e-03 -5.356760e-03 -3.316630e-03 -7.035710e-03 -7.235820e-03 -1.066820e-02 -1.227300e-02 -2.220700e-02 -2.416280e-02 -5.176640e-02  1.000000e+00 -4.603150e-02 -2.623030e-02 -2.329780e-02 -3.509580e-03  1.353420e-04 -4.467130e-05  9.193880e-04 -1.086330e-04
 2.560330e-03 -6.905120e-03 -1.056510e-03 -7.171370e-04 -1.285470e-03 -2.425090e-03 -4.520600e-03 -3.973660e-03 -2.363660e-03 -2.496560e-03 -4.927670e-03 -2.678010e-03 -3.702240e-03 -3.288560e-03 -5.987530e-03 -2.278170e-03 -6.325730e-03 -5.507230e-03 -7.608140e-03 -8.927340e-03 -1.365800e-02 -2.395110e-02 -2.548540e-02 -4.603150e-02  1.000000e+00 -3.773340e-02 -2.284250e-02 -6.739540e-03 -9.798030e-04  5.164410e-05 -5.036160e-04 -6.314040e-04
-3.775290e-03  1.647220e-03  2.855570e-04 -2.022990e-04  4.036540e-05 -4.409890e-03 -1.233120e-03 -2.254650e-03 -8.622870e-04  1.236470e-03 -2.802160e-03 -2.136050e-03 -5.991400e-04 -3.140470e-03 -3.521560e-04 -4.724780e-03 -4.244570e-03 -7.283610e-03 -7.446910e-03 -8.735950e-03 -1.339540e-02 -1.725740e-02 -1.662760e-02 -2.623030e-02 -3.773340e-02  1.000000e+00 -3.921250e-02 -3.096290e-03 -2.039410e-03 -8.497400e-05  9.584190e-07 -1.455490e-03
 9.622940e-04 -3.831870e-03 -7.748570e-04  3.781290e-04 -2.437630e-03  9.345840e-04 -3.550910e-03  8.308060e-04  9.982680e-04 -2.126130e-05  7.686480e-04  6.654060e-04 -1.017780e-03  5.704060e-06 -2.602680e-03 -4.108180e-04 -5.879090e-03 -5.623620e-03 -7.255680e-03 -1.020820e-02 -1.288480e-02 -1.629160e-02 -1.911510e-02 -2.329780e-02 -2.284250e-02 -3.921250e-02  1.000000e+00 -1.478840e-02 -2.448570e-03 -2.735020e-04 -5.537110e-04 -3.443030e-04
-6.889480e-04  3.834550e-03 -1.423030e-04 -5.249470e-04 -3.757320e-04 -1.378870e-03 -1.049090e-03  1.114780e-04  1.600410e-06  5.094570e-04 -1.316080e-03  1.672470e-04 -8.099520e-04  1.091640e-03 -1.071260e-03 -1.705060e-03 -1.274350e-04 -2.878430e-03 -1.876310e-03 -3.091600e-03 -4.565240e-03 -4.748700e-03 -4.205370e-03 -3.509580e-03 -6.739540e-03 -3.096290e-03 -1.478840e-02  1.000000e+00 -8.508550e-04 -1.309370e-04 -5.515980e-05 -4.529320e-04
 1.153780e-03  6.119250e-05 -2.309710e-04  5.364480e-04  5.308710e-04  1.587930e-04  4.924620e-04  3.419990e-04  6.659910e-04 -1.332940e-04  4.140960e-04  1.346830e-04 -7.496660e-05 -1.728040e-04  1.541590e-03 -1.297330e-02  6.781640e-04  5.045520e-04 -1.065550e-03 -1.500320e-03 -7.517560e-04 -3.068780e-04 -1.282300e-03  1.353420e-04 -9.798030e-04 -2.039410e-03 -2.448570e-03 -8.508550e-04  1.000000e+00  3.042520e-03  9.746230e-05 -1.924820e-07
-5.016000e-04  9.743830e-05 -5.005880e-05  3.830250e-05  1.877440e-04  1.577570e-04 -2.377500e-05 -1.393080e-04 -1.812740e-04  1.430860e-04 -4.408670e-04  6.792620e-05 -1.550530e-04 -1.619400e-04 -5.315110e-04  8.288500e-04 -5.139810e-05 -1.741450e-04  1.436100e-04  1.943730e-04  6.717350e-05 -2.506060e-04 -2.510960e-05 -4.467130e-05  5.164410e-05 -8.497400e-05 -2.735020e-04 -1.309370e-04  3.042520e-03  1.000000e+00 -5.013750e-05 -4.291610e-06
-4.773720e-04  5.608260e-04  3.697790e-04  1.874090e-03 -4.746760e-04  2.186180e-03 -5.590010e-04  2.074860e-03 -6.697810e-04  9.679150e-04  1.528860e-03 -1.593360e-03  1.531370e-03  4.482760e-04 -8.107580e-04  9.706890e-04 -7.450430e-04  1.828620e-03 -5.051720e-04 -9.105780e-04 -9.106600e-06  1.773840e-04 -5.653050e-04  9.193880e-04 -5.036160e-04  9.584190e-07 -5.537110e-04 -5.515980e-05  9.746230e-05 -5.013750e-05  1.000000e+00 -3.227240e-05
 6.959560e-04 -1.002470e-03 -5.071400e-04 -9.201560e-04 -6.130590e-04  1.122540e-04  1.241680e-04  6.319800e-04  3.136640e-04 -1.003120e-03  4.865440e-04 -1.605210e-03  2.533440e-05 -4.994320e-04 -8.007710e-04 -4.764660e-04  7.506910e-04  3.518720e-05 -6.179630e-04  3.912230e-04 -9.928880e-04 -8.457150e-04  1.309150e-04 -1.086330e-04 -6.314040e-04 -1.455490e-03 -3.443030e-04 -4.529320e-04 -1.924820e-07 -4.291610e-06 -3.227240e-05  1.000000e+00
