 1.000000e+00 -3.686440e-02 -1.332720e-02  1.480080e-04 -1.676410e-02  1.248360e-03 -1.874770e-02 -7.060370e-03 -5.531270e-03 -8.021770e-03  2.104100e-03 -5.009490e-03  1.305690e-03 -6.847850e-03 -3.290840e-03 -1.802280e-03  2.025770e-03 -3.908400e-03  5.320390e-04 -3.359030e-03 -6.804750e-03  2.942590e-03 -8.105630e-03  1.800990e-03 -6.411220e-03  5.868370e-04 -4.774770e-03  3.464510e-03 -2.731980e-03  1.501850e-03 -6.595840e-03 -2.422070e-03
-3.686440e-02  1.000000e+00 -9.742530e-03 -1.697590e-03 -8.760960e-04 -6.217770e-03 -2.155290e-03 -7.556500e-05 -6.301590e-03  1.968350e-03 -2.052950e-03  2.885840e-03  9.309590e-04 -2.685910e-03 -4.440030e-03 -4.759040e-04 -1.451920e-03  7.382390e-03  1.608600e-03 -2.019910e-03  1.814300e-03 -3.213470e-04  1.097940e-03  6.245220e-04 -2.177810e-03 -1.118300e-03 -2.414590e-03  4.767470e-03 -3.086860e-03  3.286810e-03 -1.906900e-03  3.370600e-03
-1.332720e-02 -9.742530e-03  1.000000e+00 -1.489650e-02 -4.367620e-03 -9.623320e-03 -7.837050e-03 -7.333480e-03  2.035660e-04 -2.752270e-03  2.304940e-03 -2.620080e-03 -3.775630e-04 -3.114280e-03 -3.148200e-03 -4.035990e-03 -1.903170e-03  1.286210e-03  5.847220e-04  2.387650e-03 -5.657020e-04 -4.195880e-04 -1.854360e-03 -1.113070e-03  2.532280e-03 -6.394750e-04  3.433560e-03 -2.929650e-03  9.595540e-04 -4.698730e-03 -1.280280e-04  7.868260e-04
 1.480080e-04 -1.697590e-03 -1.489650e-02  1.000000e+00 -1.801480e-02 -1.410110e-02 -1.782820e-02 -1.051850e-02 -6.591940e-03 -2.178450e-03 -3.105860e-03  2.050950e-03 -5.712080e-04 -3.145070e-03 -3.886580e-03 -1.605780e-03  8.322260e-04  2.426840e-03  3.298840e-03 -8.586250e-04 -2.789200e-03 -5.475020e-03 -4.071970e-03 -1.198420e-03  1.783680e-03  3.228660e-03 -1.744680e-03 -2.365630e-03 -2.789930e-03 -4.039130e-03  1.603950e-03  5.652500e-03
-1.676410e-02 -8.760960e-04 -4.367620e-03 -1.801480e-02  1.000000e+00 -3.261480e-02 -1.824910e-02 -1.658770e-02 -6.535430e-03 -4.510570e-03 -2.454460e-03 -3.292960e-03 -5.389800e-03 -5.705580e-03 -4.441700e-03 -3.238990e-03 -2.968230e-04 -1.174360e-03 -1.037960e-03 -5.483900e-03 -5.053850e-04 -1.949400e-03 -5.241200e-04 -1.799150e-03 -1.391850e-03 -1.748670e-03 -2.211480e-03 -2.553200e-03 -1.340150e-03 -1.378790e-03 -1.503530e-03 -4.234190e-04
 1.248360e-03 -6.217770e-03 -9.623320e-03 -1.410110e-02 -3.261480e-02  1.000000e+00 -5.134350e-02 -1.694620e-02 -2.018950e-02 -2.496830e-03 -1.073610e-02  4.430070e-04 -6.697760e-03 -7.567690e-03 -2.899540e-03 -8.248670e-03 -2.975230e-03 -4.360550e-03 -6.055640e-03 -3.089520e-03 -4.386830e-03  1.427260e-03 -2.885500e-03 -2.803530e-04 -3.938530e-03 -1.829050e-03 -3.229290e-03 -2.256510e-03 -2.660140e-03 -5.122440e-03 -2.478070e-03 -2.447960e-03
-1.874770e-02 -2.155290e-03 -7.837050e-03 -1.782820e-02 -1.824910e-02 -5.134350e-02  1.000000e+00 -4.133500e-02 -1.554180e-02 -1.806300e-02 -1.792100e-03 -9.687900e-03 -5.006860e-03  1.722340e-03 -6.234580e-03 -1.130160e-03 -9.622860e-03 -5.284580e-03 -8.957320e-03 -8.608940e-03  4.006450e-04 -5.242220e-04  2.379310e-03 -4.695460e-03 -1.824740e-03 -6.059930e-03 -6.001620e-03 -5.265470e-03 -6.455280e-03 -2.382890e-03 -2.017430e-04 -3.604420e-03
-7.060370e-03 -7.556500e-05 -7.333480e-03 -1.051850e-02 -1.658770e-02 -1.694620e-02 -4.133500e-02  1.000000e+00 -4.470190e-02 -1.463280e-02 -1.850310e-02 -5.071880e-03 -6.188200e-03 -4.677790e-03 -4.175320e-03 -1.169930e-02 -6.174370e-03 -8.467460e-03 -6.315430e-03 -3.555200e-03 -3.012290e-03  9.326600e-04 -2.065860e-03 -2.139310e-04 -5.172300e-03 -2.339810e-03 -4.823850e-03 -4.065170e-03 -3.623260e-03 -2.640750e-03 -2.551680e-04  2.763160e-03
-5.531270e-03 -6.301590e-03  2.035660e-04 -6.591940e-03 -6.535430e-03 -2.018950e-02 -1.554180e-02 -4.470190e-02  1.000000e+00 -4.493880e-02 -1.355730e-02 -1.587140e-02 -1.009250e-02 -3.066120e-03 -1.248560e-02 -3.366240e-03 -1.279010e-02 -8.099560e-03 -6.844980e-03 -3.925700e-03 -1.092760e-03 -3.545430e-03 -2.677160e-04 -5.232390e-03 -1.940470e-03 -7.780840e-03 -4.608320e-03 -9.330520e-03 -4.913760e-03  2.136560e-03  1.743860e-03  4.615080e-03
-8.021770e-03  1.968350e-03 -2.752270e-03 -2.178450e-03 -4.510570e-03 -2.496830e-03 -1.806300e-02 -1.463280e-02 -4.493880e-02  1.000000e+00 -2.844120e-02 -3.900250e-03 -8.844900e-03 -6.153850e-03 -1.340480e-03 -1.091250e-02 -4.970570e-03 -9.742120e-03 -4.549340e-03 -6.310290e-03 -2.523590e-03 -1.716030e-03 -3.919400e-03 -2.869890e-03 -6.457940e-03 -4.611230e-03 -5.291790e-03 -1.866310e-03 -2.752970e-03  2.086780e-03 -6.353670e-04  5.898820e-03
 2.104100e-03 -2.052950e-03  2.304940e-03 -3.105860e-03 -2.454460e-03 -1.073610e-02 -1.792100e-03 -1.850310e-02 -1.355730e-02 -2.844120e-02  1.000000e+00 -2.309790e-02 -8.853250e-03 -1.073820e-02 -1.065450e-02 -5.400480e-03 -1.496740e-02 -9.293710e-03 -1.141520e-02 -3.729070e-03 -2.861250e-03 -3.276920e-03 -4.039520e-03 -1.305660e-03 -3.997860e-04 -4.851910e-03 -3.922610e-04 -5.808020e-03 -9.370000e-04 -2.584190e-04  5.777860e-04  2.076320e-03
-5.009490e-03  2.885840e-03 -2.620080e-03  2.050950e-03 -3.292960e-03  4.430070e-04 -9.687900e-03 -5.071880e-03 -1.587140e-02 -3.900250e-03 -2.309790e-02  1.000000e+00 -2.259510e-02 -1.457860e-02 -6.361610e-03 -7.620970e-03 -7.439180e-03 -6.118670e-03 -7.909480e-03 -6.621450e-03 -6.091300e-04 -1.852020e-03 -4.718930e-04 -2.077760e-03 -3.326580e-03 -2.249020e-03 -3.182810e-03 -2.992130e-03 -2.395740e-03 -5.553090e-03 -8.636700e-04 -2.529540e-03
 1.305690e-03  9.309590e-04 -3.775630e-04 -5.712080e-04 -5.389800e-03 -6.697760e-03 -5.006860e-03 -6.188200e-03 -1.009250e-02 -8.844900e-03 -8.853250e-03 -2.259510e-02  1.000000e+00 -3.718090e-02 -1.322510e-02 -1.032970e-02 -9.665580e-03 -9.783890e-03 -1.020370e-02 -6.686620e-03 -3.544950e-03 -4.076850e-03 -2.971950e-03  7.793550e-04  8.612760e-04 -3.166720e-03 -1.675350e-03 -3.294860e-03 -6.021650e-03 -8.605650e-04 -4.073200e-03 -2.184640e-03
-6.847850e-03 -2.685910e-03 -3.114280e-03 -3.145070e-03 -5.705580e-03 -7.567690e-03  1.722340e-03 -4.677790e-03 -3.066120e-03 -6.153850e-03 -1.073820e-02 -1.457860e-02 -3.718090e-02  1.000000e+00 -3.502300e-02 -1.202300e-02 -1.330160e-02 -8.068000e-03 -1.051400e-02 -6.551880e-03 -3.675770e-03 -1.026800e-02 -2.867160e-03  8.853220e-04 -3.611710e-03  2.268800e-03 -5.735130e-03 -3.365880e-03 -3.690650e-03 -3.218560e-03 -2.053270e-04 -1.537380e-03
-3.290840e-03 -4.440030e-03 -3.148200e-03 -3.886580e-03 -4.441700e-03 -2.899540e-03 -6.234580e-03 -4.175320e-03 -1.248560e-02 -1.340480e-03 -1.065450e-02 -6.361610e-03 -1.322510e-02 -3.502300e-02  1.000000e+00 -2.084640e-02 -9.565880e-03 -9.548300e-03 -1.053950e-02 -4.919180e-03 -5.099820e-03 -7.612630e-03 -7.474460e-03 -4.806650e-03 -2.992340e-03 -4.583000e-03 -1.275540e-03 -3.237720e-03 -2.205200e-03 -3.417390e-03 -6.622610e-04 -2.832050e-03
-1.802280e-03 -4.759040e-04 -4.035990e-03 -1.605780e-03 -3.238990e-03 -8.248670e-03 -1.130160e-03 -1.169930e-02 -3.366240e-03 -1.091250e-02 -5.400480e-03 -7.620970e-03 -1.032970e-02 -1.202300e-02 -2.084640e-02  1.000000e+00 -2.319500e-02 -1.186210e-02 -1.390460e-02 -5.905920e-03 -6.771060e-03 -8.108990e-03 -8.681120e-03 -3.265310e-03 -3.074540e-03 -3.347510e-03 -4.365850e-03 -5.393960e-03 -5.108670e-03 -2.965660e-03 -2.573100e-03 -3.195680e-03
 2.025770e-03 -1.451920e-03 -1.903170e-03  8.322260e-04 -2.968230e-04 -2.975230e-03 -9.622860e-03 -6.174370e-03 -1.279010e-02 -4.970570e-03 -1.496740e-02 -7.439180e-03 -9.665580e-03 -1.330160e-02 -9.565880e-03 -2.319500e-02  1.000000e+00 -3.168080e-02 -2.054530e-02 -1.360300e-02 -9.097180e-03 -1.103390e-02 -7.134560e-03 -4.833100e-03 -2.644470e-03 -3.767370e-03 -4.829640e-03 -6.501310e-03 -3.487320e-03 -3.226770e-03 -3.674940e-03 -1.753190e-03
-3.908400e-03  7.382390e-03  1.286210e-03  2.426840e-03 -1.174360e-03 -4.360550e-03 -5.284580e-03 -8.467460e-03 -8.099560e-03 -9.742120e-03 -9.293710e-03 -6.118670e-03 -9.783890e-03 -8.068000e-03 -9.548300e-03 -1.186210e-02 -3.168080e-02  1.000000e+00 -4.071270e-02 -1.994810e-02 -1.643700e-02 -1.117290e-02 -1.035560e-02 -4.701490e-03 -1.095600e-03 -6.473530e-03 -2.046350e-03 -6.223790e-03 -3.659810e-03 -3.191250e-03  5.461870e-04 -6.666310e-03
 5.320390e-04  1.608600e-03  5.847220e-04  3.298840e-03 -1.037960e-03 -6.055640e-03 -8.957320e-03 -6.315430e-03 -6.844980e-03 -4.549340e-03 -1.141520e-02 -7.909480e-03 -1.020370e-02 -1.051400e-02 -1.053950e-02 -1.390460e-02 -2.054530e-02 -4.071270e-02  1.000000e+00 -5.010050e-02 -2.311620e-02 -1.586430e-02 -6.613890e-03 -4.424640e-03 -4.029100e-03 -4.684530e-03 -8.251240e-03 -3.983150e-03 -4.856270e-03  2.505590e-03 -4.001610e-03  2.937510e-03
-3.359030e-03 -2.019910e-03  2.387650e-03 -8.586250e-04 -5.483900e-03 -3.089520e-03 -8.608940e-03 -3.555200e-03 -3.925700e-03 -6.310290e-03 -3.729070e-03 -6.621450e-03 -6.686620e-03 -6.551880e-03 -4.919180e-03 -5.905920e-03 -1.360300e-02 -1.994810e-02 -5.010050e-02  1.000000e+00 -4.698930e-02 -1.679010e-02 -1.372870e-02 -5.976790e-03 -3.527090e-03 -7.066200e-03 -4.180310e-03 -6.797580e-03  8.261960e-04  7.138560e-05  6.670820e-03 -3.296890e-03
-6.804750e-03  1.814300e-03 -5.657020e-04 -2.789200e-03 -5.053850e-04 -4.386830e-03  4.006450e-04 -3.012290e-03 -1.092760e-03 -2.523590e-03 -2.861250e-03 -6.091300e-04 -3.544950e-03 -3.675770e-03 -5.099820e-03 -6.771060e-03 -9.097180e-03 -1.643700e-02 -2.311620e-02 -4.698930e-02  1.000000e+00 -3.275330e-02 -2.116910e-02 -1.072360e-02 -8.202600e-03 -7.506650e-03 -9.498720e-03 -5.678040e-03 -6.145180e-03  1.433440e-03 -3.632190e-03  2.984240e-03
 2.942590e-03 -3.213470e-04 -4.195880e-04 -5.475020e-03 -1.949400e-03  1.427260e-03 -5.242220e-04  9.326600e-04 -3.545430e-03 -1.716030e-03 -3.276920e-03 -1.852020e-03 -4.076850e-03 -1.026800e-02 -7.612630e-03 -8.108990e-03 -1.103390e-02 -1.117290e-02 -1.586430e-02 -1.679010e-02 -3.275330e-02  1.000000e+00 -4.221050e-02 -1.850310e-02 -1.256770e-02 -1.300580e-02 -8.414220e-03 -1.145540e-02 -3.016790e-03 -6.625310e-03 -1.222340e-03 -3.873300e-03
-8.105630e-03  1.097940e-03 -1.854360e-03 -4.071970e-03 -5.241200e-04 -2.885500e-03  2.379310e-03 -2.065860e-03 -2.677160e-04 -3.919400e-03 -4.039520e-03 -4.718930e-04 -2.971950e-03 -2.867160e-03 -7.474460e-03 -8.681120e-03 -7.134560e-03 -1.035560e-02 -6.613890e-03 -1.372870e-02 -2.116910e-02 -4.221050e-02  1.000000e+00 -3.113460e-02 -1.642280e-02 -1.695080e-02 -1.197660e-02 -9.649020e-03 -7.888930e-03 -3.210670e-03 -6.730720e-03  3.027390e-03
 1.800990e-03  6.245220e-04 -1.113070e-03 -1.198420e-03 -1.799150e-03 -2.803530e-04 -4.695460e-03 -2.139310e-04 -5.232390e-03 -2.869890e-03 -1.305660e-03 -2.077760e-03  7.793550e-04  8.853220e-04 -4.806650e-03 -3.265310e-03 -4.833100e-03 -4.701490e-03 -4.424640e-03 -5.976790e-03 -1.072360e-02 -1.850310e-02 -3.113460e-02  1.000000e+00 -3.369250e-02 -2.178650e-02 -2.091300e-02 -1.640190e-02 -1.184300e-02 -7.830680e-03 -2.249760e-03 -7.229670e-03
-6.411220e-03 -2.177810e-03  2.532280e-03  1.783680e-03 -1.391850e-03 -3.938530e-03 -1.824740e-03 -5.172300e-03 -1.940470e-03 -6.457940e-03 -3.997860e-04 -3.326580e-03  8.612760e-04 -3.611710e-03 -2.992340e-03 -3.074540e-03 -2.644470e-03 -1.095600e-03 -4.029100e-03 -3.527090e-03 -8.202600e-03 -1.256770e-02 -1.642280e-02 -3.369250e-02  1.000000e+00 -4.034090e-02 -2.609320e-02 -2.698650e-02 -1.987160e-02 -7.283690e-03 -6.465020e-03 -8.257150e-03
 5.868370e-04 -1.118300e-03 -6.394750e-04  3.228660e-03 -1.748670e-03 -1.829050e-03 -6.059930e-03 -2.339810e-03 -7.780840e-03 -4.611230e-03 -4.851910e-03 -2.249020e-03 -3.166720e-03  2.268800e-03 -4.583000e-03 -3.347510e-03 -3.767370e-03 -6.473530e-03 -4.684530e-03 -7.066200e-03 -7.506650e-03 -1.300580e-02 -1.695080e-02 -2.178650e-02 -4.034090e-02  1.000000e+00 -3.672770e-02 -2.806710e-02 -2.203520e-02 -1.330970e-02 -1.010190e-02 -8.654450e-03
-4.774770e-03 -2.414590e-03  3.433560e-03 -1.744680e-03 -2.211480e-03 -3.229290e-03 -6.001620e-03 -4.823850e-03 -4.608320e-03 -5.291790e-03 -3.922610e-04 -3.182810e-03 -1.675350e-03 -5.735130e-03 -1.275540e-03 -4.365850e-03 -4.829640e-03 -2.046350e-03 -8.251240e-03 -4.180310e-03 -9.498720e-03 -8.414220e-03 -1.197660e-02 -2.091300e-02 -2.609320e-02 -3.672770e-02  1.000000e+00 -4.718640e-02 -3.363810e-02 -2.582800e-02 -1.609690e-02 -1.734200e-02
 3.464510e-03  4.767470e-03 -2.929650e-03 -2.365630e-03 -2.553200e-03 -2.256510e-03 -5.265470e-03 -4.065170e-03 -9.330520e-03 -1.866310e-03 -5.808020e-03 -2.992130e-03 -3.294860e-03 -3.365880e-03 -3.237720e-03 -5.393960e-03 -6.501310e-03 -6.223790e-03 -3.983150e-03 -6.797580e-03 -5.678040e-03 -1.145540e-02 -9.649020e-03 -1.640190e-02 -2.698650e-02 -2.806710e-02 -4.718640e-02  1.000000e+00 -5.599770e-02 -3.702940e-02 -3.058650e-02 -1.901830e-02
-2.731980e-03 -3.086860e-03  9.595540e-04 -2.789930e-03 -1.340150e-03 -2.660140e-03 -6.455280e-03 -3.623260e-03 -4.913760e-03 -2.752970e-03 -9.370000e-04 -2.395740e-03 -6.021650e-03 -3.690650e-03 -2.205200e-03 -5.108670e-03 -3.487320e-03 -3.659810e-03 -4.856270e-03  8.261960e-04 -6.145180e-03 -3.016790e-03 -7.888930e-03 -1.184300e-02 -1.987160e-02 -2.203520e-02 -3.363810e-02 -5.599770e-02  1.000000e+00 -5.818340e-02 -3.497130e-02 -2.629120e-02
 1.501850e-03  3.286810e-03 -4.698730e-03 -4.039130e-03 -1.378790e-03 -5.122440e-03 -2.382890e-03 -2.640750e-03  2.136560e-03  2.086780e-03 -2.584190e-04 -5.553090e-03 -8.605650e-04 -3.218560e-03 -3.417390e-03 -2.965660e-03 -3.226770e-03 -3.191250e-03  2.505590e-03  7.138560e-05  1.433440e-03 -6.625310e-03 -3.210670e-03 -7.830680e-03 -7.283690e-03 -1.330970e-02 -2.582800e-02 -3.702940e-02 -5.818340e-02  1.000000e+00 -7.347950e-02 -2.492080e-02
-6.595840e-03 -1.906900e-03 -1.280280e-04  1.603950e-03 -1.503530e-03 -2.478070e-03 -2.017430e-04 -2.551680e-04  1.743860e-03 -6.353670e-04  5.777860e-04 -8.636700e-04 -4.073200e-03 -2.053270e-04 -6.622610e-04 -2.573100e-03 -3.674940e-03  5.461870e-04 -4.001610e-03  6.670820e-03 -3.632190e-03 -1.222340e-03 -6.730720e-03 -2.249760e-03 -6.465020e-03 -1.010190e-02 -1.609690e-02 -3.058650e-02 -3.497130e-02 -7.347950e-02  1.000000e+00 -4.574820e-02
-2.422070e-03  3.370600e-03  7.868260e-04  5.652500e-03 -4.234190e-04 -2.447960e-03 -3.604420e-03  2.763160e-03  4.615080e-03  5.898820e-03  2.076320e-03 -2.529540e-03 -2.184640e-03 -1.537380e-03 -2.832050e-03 -3.195680e-03 -1.753190e-03 -6.666310e-03  2.937510e-03 -3.296890e-03  2.984240e-03 -3.873300e-03  3.027390e-03 -7.229670e-03 -8.257150e-03 -8.654450e-03 -1.734200e-02 -1.901830e-02 -2.629120e-02 -2.492080e-02 -4.574820e-02  1.000000e+00
