 1.000000e+00 -4.502550e-02 -1.396780e-02 -1.018030e-02 -8.516420e-03 -4.111200e-03 -5.503070e-03 -2.587580e-03  9.263570e-04 -4.908490e-03 -2.188960e-03 -6.629480e-04 -3.592470e-03  1.008810e-03 -7.798190e-03 -1.750720e-03 -1.333020e-03 -5.319820e-03 -3.694860e-03 -7.763730e-03 -5.578400e-03 -3.461600e-03 -1.173020e-03 -2.264550e-03  2.601440e-04  1.967390e-03 -2.427260e-03  4.278050e-03  1.560510e-03  1.660460e-03  5.360580e-04  1.537110e-03
-4.502550e-02  1.000000e+00 -2.014300e-02 -4.504970e-03  1.460110e-03 -4.884400e-03 -2.587420e-03  6.405860e-03 -1.739280e-03 -3.162740e-03 -1.175720e-05 -3.084710e-03  2.148390e-03 -6.037660e-03  1.702510e-03 -3.910380e-03 -1.013200e-03  1.255240e-03 -1.205220e-03  2.041860e-03 -6.759640e-04 -1.902130e-04 -3.611440e-04 -5.145920e-03  9.588310e-04 -2.232460e-03 -1.901010e-03 -2.322590e-03  9.440570e-04 -2.584830e-03  2.885630e-03 -2.743860e-04
-1.396780e-02 -2.014300e-02  1.000000e+00 -1.569650e-02 -4.041870e-03 -3.953090e-03 -2.183730e-03 -1.721760e-03 -3.465200e-04  1.339780e-03  1.312980e-03  5.795380e-04 -1.223320e-04 -6.504820e-04 -2.251130e-03 -5.778680e-04 -7.316430e-04 -3.187810e-03 -1.401330e-03 -3.658390e-03 -7.588250e-04 -1.663280e-03 -3.244060e-04 -5.135660e-04  1.193320e-03  2.679520e-03  2.221190e-03  4.540530e-03  2.320190e-03  1.067340e-03 -4.682830e-04  2.765590e-04
-1.018030e-02 -4.504970e-03 -1.569650e-02  1.000000e+00 -2.222100e-02 -7.602280e-03 -1.139580e-02 -6.509350e-03 -3.116420e-03 -1.958200e-03  6.560950e-04 -1.364380e-03 -1.992440e-03  2.665980e-03  2.397040e-04  4.194690e-03 -2.516880e-04  3.979510e-03 -1.715780e-03  8.505650e-04 -3.280290e-03 -4.337560e-04 -3.065470e-03 -1.690430e-03 -1.745100e-03  4.886720e-03  1.702880e-03  6.199900e-03  2.479040e-03  3.241420e-03  5.858700e-04  8.681810e-05
-8.516420e-03  1.460110e-03 -4.041870e-03 -2.222100e-02  1.000000e+00 -2.863630e-02 -9.260540e-03 -1.172740e-02 -5.642570e-03 -4.331120e-03 -5.002060e-03 -3.666710e-03 -5.264550e-03 -1.337770e-03  9.161690e-04 -3.719250e-03  1.464750e-03 -3.130310e-03  6.306220e-04 -4.622980e-04 -2.052970e-03 -2.600890e-03 -3.851770e-03 -5.382060e-03  2.611670e-04 -1.075120e-03  1.357710e-03 -2.513800e-04  1.628600e-03 -3.599570e-04  1.126180e-03 -5.657070e-05
-4.111200e-03 -4.884400e-03 -3.953090e-03 -7.602280e-03 -2.863630e-02  1.000000e+00 -3.496920e-02 -1.365700e-02 -1.353940e-02 -4.338790e-03 -5.718630e-03 -5.966590e-03 -4.083400e-03 -1.845600e-03 -1.805100e-03  1.462460e-03 -3.937390e-03 -1.790270e-04 -4.647840e-03 -1.308080e-03 -1.299230e-03 -2.074820e-03 -4.798670e-03 -9.993920e-04 -3.525550e-03  1.588270e-03 -1.587160e-04  1.624950e-03 -1.904960e-03  2.503130e-03 -2.225270e-03  1.715530e-03
-5.503070e-03 -2.587420e-03 -2.183730e-03 -1.139580e-02 -9.260540e-03 -3.496920e-02  1.000000e+00 -3.644060e-02 -1.436630e-02 -9.836780e-03 -7.077930e-03 -7.106630e-03 -1.007690e-02 -1.927020e-03 -7.856620e-04 -1.687490e-03 -1.084270e-03 -2.708150e-03 -2.872410e-03 -2.297350e-03 -4.156770e-03 -3.335100e-03 -5.281490e-03 -5.460710e-03 -8.376880e-04 -1.467050e-03 -1.557030e-03 -3.887180e-03  3.643020e-04 -3.712180e-03  3.582160e-03  2.031710e-03
-2.587580e-03  6.405860e-03 -1.721760e-03 -6.509350e-03 -1.172740e-02 -1.365700e-02 -3.644060e-02  1.000000e+00 -3.780870e-02 -1.119780e-02 -1.143660e-02 -9.295680e-03 -6.252060e-03 -3.353700e-03 -1.625130e-04 -1.429740e-03 -2.168150e-03 -3.672660e-03 -3.414550e-03 -1.968460e-03 -3.824930e-03 -1.758200e-03 -4.215280e-03 -4.312720e-03 -1.769630e-03 -3.808460e-04 -3.104540e-03 -2.609620e-03 -4.759750e-03  1.632950e-03  1.309080e-03  4.265700e-03
 9.263570e-04 -1.739280e-03 -3.465200e-04 -3.116420e-03 -5.642570e-03 -1.353940e-02 -1.436630e-02 -3.780870e-02  1.000000e+00 -2.750570e-02 -1.174110e-02 -1.344360e-02 -1.227520e-02 -1.001730e-03 -4.600110e-03 -9.037790e-04 -3.680530e-03 -3.998850e-04 -1.848180e-03 -3.867170e-03 -2.050890e-03 -4.067050e-03 -4.106310e-03 -2.960880e-03 -2.575820e-03  5.121210e-04 -9.754660e-04 -1.183240e-03 -1.169610e-03 -3.202600e-03  1.946900e-04 -5.582630e-04
-4.908490e-03 -3.162740e-03  1.339780e-03 -1.958200e-03 -4.331120e-03 -4.338790e-03 -9.836780e-03 -1.119780e-02 -2.750570e-02  1.000000e+00 -3.658520e-02 -1.890660e-02 -1.025710e-02 -1.153130e-02 -1.825420e-03 -3.425440e-03  2.047470e-03 -2.522950e-04 -1.244740e-03 -4.192830e-04 -6.570880e-03  1.204280e-04 -2.823740e-03 -1.663360e-03 -1.693030e-03 -1.398600e-03  1.944490e-03 -1.922120e-03 -7.853880e-04 -2.248290e-03 -5.146020e-04 -2.730700e-04
-2.188960e-03 -1.175720e-05  1.312980e-03  6.560950e-04 -5.002060e-03 -5.718630e-03 -7.077930e-03 -1.143660e-02 -1.174110e-02 -3.658520e-02  1.000000e+00 -5.008970e-02 -2.909060e-02 -1.215650e-02 -1.206510e-02  1.601200e-04 -2.330860e-03  3.816280e-03  1.264450e-03 -3.721430e-03 -2.030220e-03 -2.911340e-03 -4.480770e-03 -2.525870e-03 -5.710660e-03 -3.528670e-03 -7.402920e-04 -4.917340e-05 -1.604900e-03 -9.258690e-04 -6.195680e-04  1.160760e-03
-6.629480e-04 -3.084710e-03  5.795380e-04 -1.364380e-03 -3.666710e-03 -5.966590e-03 -7.106630e-03 -9.295680e-03 -1.344360e-02 -1.890660e-02 -5.008970e-02  1.000000e+00 -5.132620e-02 -2.185190e-02 -9.998030e-03 -6.820250e-03 -3.362120e-04 -7.896450e-04 -5.343220e-03 -4.259500e-03 -6.568520e-03 -1.330900e-03 -6.200290e-03 -6.779810e-03 -6.687870e-03 -4.908250e-03 -3.040170e-03 -2.419170e-04 -2.434540e-03 -9.872650e-04  1.737340e-03  1.137340e-03
-3.592470e-03  2.148390e-03 -1.223320e-04 -1.992440e-03 -5.264550e-03 -4.083400e-03 -1.007690e-02 -6.252060e-03 -1.227520e-02 -1.025710e-02 -2.909060e-02 -5.132620e-02  1.000000e+00 -3.404420e-02 -1.194160e-02 -1.170230e-02 -7.819960e-03 -6.745890e-03 -4.538050e-03 -6.402660e-03 -5.535710e-03 -1.465280e-03 -1.948730e-03 -4.843080e-03 -3.951570e-03 -7.928140e-03 -2.175490e-04 -4.591190e-03 -3.043130e-03 -1.065040e-03 -1.311470e-04 -2.017160e-03
 1.008810e-03 -6.037660e-03 -6.504820e-04  2.665980e-03 -1.337770e-03 -1.845600e-03 -1.927020e-03 -3.353700e-03 -1.001730e-03 -1.153130e-02 -1.215650e-02 -2.185190e-02 -3.404420e-02  1.000000e+00 -2.711710e-02 -1.205120e-02 -1.372860e-02 -7.413860e-03 -8.402490e-03 -7.876130e-03 -6.834770e-03 -7.016120e-03 -3.886390e-03 -2.732250e-03 -4.043130e-03 -2.561260e-03 -3.193150e-03  1.379230e-03 -1.945250e-03 -1.524240e-03 -1.380790e-03 -1.753280e-03
-7.798190e-03  1.702510e-03 -2.251130e-03  2.397040e-04  9.161690e-04 -1.805100e-03 -7.856620e-04 -1.625130e-04 -4.600110e-03 -1.825420e-03 -1.206510e-02 -9.998030e-03 -1.194160e-02 -2.711710e-02  1.000000e+00 -3.288960e-02 -1.688510e-02 -1.569040e-02 -9.290270e-03 -9.527070e-03 -8.592940e-03 -8.215870e-03 -2.764730e-03 -4.026710e-03 -8.178720e-04 -3.486270e-03 -1.216160e-03 -1.806280e-04 -1.840030e-03 -4.066600e-03 -2.829150e-03 -5.216350e-03
-1.750720e-03 -3.910380e-03 -5.778680e-04  4.194690e-03 -3.719250e-03  1.462460e-03 -1.687490e-03 -1.429740e-03 -9.037790e-04 -3.425440e-03  1.601200e-04 -6.820250e-03 -1.170230e-02 -1.205120e-02 -3.288960e-02  1.000000e+00 -4.071240e-02 -1.412650e-02 -1.801470e-02 -1.008790e-02 -1.048650e-02 -8.240980e-03 -7.703740e-03 -4.777800e-03 -7.498080e-03 -5.624630e-03 -4.706630e-03 -1.185650e-04 -2.045570e-03 -9.644340e-04 -5.991420e-04 -2.109210e-03
-1.333020e-03 -1.013200e-03 -7.316430e-04 -2.516880e-04  1.464750e-03 -3.937390e-03 -1.084270e-03 -2.168150e-03 -3.680530e-03  2.047470e-03 -2.330860e-03 -3.362120e-04 -7.819960e-03 -1.372860e-02 -1.688510e-02 -4.071240e-02  1.000000e+00 -3.609800e-02 -1.596570e-02 -1.714830e-02 -1.041060e-02 -1.043090e-02 -8.798240e-03 -8.730450e-03 -6.135830e-03 -9.539840e-03 -6.260390e-03 -1.598820e-03 -2.412220e-03  6.222670e-05 -2.649460e-03 -3.212410e-03
-5.319820e-03  1.255240e-03 -3.187810e-03  3.979510e-03 -3.130310e-03 -1.790270e-04 -2.708150e-03 -3.672660e-03 -3.998850e-04 -2.522950e-04  3.816280e-03 -7.896450e-04 -6.745890e-03 -7.413860e-03 -1.569040e-02 -1.412650e-02 -3.609800e-02  1.000000e+00 -4.396630e-02 -2.153220e-02 -1.783210e-02 -1.498520e-02 -1.141150e-02 -8.454730e-03 -7.731790e-03 -5.874720e-03 -4.751560e-03 -4.386640e-03 -2.227510e-03 -8.972100e-03 -5.728390e-04 -6.073420e-03
-3.694860e-03 -1.205220e-03 -1.401330e-03 -1.715780e-03  6.306220e-04 -4.647840e-03 -2.872410e-03 -3.414550e-03 -1.848180e-03 -1.244740e-03  1.264450e-03 -5.343220e-03 -4.538050e-03 -8.402490e-03 -9.290270e-03 -1.801470e-02 -1.596570e-02 -4.396630e-02  1.000000e+00 -3.788850e-02 -1.795450e-02 -1.723690e-02 -1.295060e-02 -1.136410e-02 -7.753460e-03 -7.676870e-03 -5.461260e-03 -3.412260e-03 -3.250590e-03 -8.326020e-04 -5.778180e-03 -5.823600e-03
-7.763730e-03  2.041860e-03 -3.658390e-03  8.505650e-04 -4.622980e-04 -1.308080e-03 -2.297350e-03 -1.968460e-03 -3.867170e-03 -4.192830e-04 -3.721430e-03 -4.259500e-03 -6.402660e-03 -7.876130e-03 -9.527070e-03 -1.008790e-02 -1.714830e-02 -2.153220e-02 -3.788850e-02  1.000000e+00 -4.181450e-02 -2.349960e-02 -1.800290e-02 -1.283210e-02 -1.272970e-02 -6.255760e-03 -6.313910e-03 -2.500100e-03 -2.687940e-03 -4.370890e-03 -2.930330e-03 -4.644180e-03
-5.578400e-03 -6.759640e-04 -7.588250e-04 -3.280290e-03 -2.052970e-03 -1.299230e-03 -4.156770e-03 -3.824930e-03 -2.050890e-03 -6.570880e-03 -2.030220e-03 -6.568520e-03 -5.535710e-03 -6.834770e-03 -8.592940e-03 -1.048650e-02 -1.041060e-02 -1.783210e-02 -1.795450e-02 -4.181450e-02  1.000000e+00 -4.362880e-02 -2.651080e-02 -2.388570e-02 -1.614030e-02 -1.210780e-02 -6.509390e-03 -3.912680e-03 -4.408080e-03 -4.988740e-03 -4.411040e-03 -4.808990e-03
-3.461600e-03 -1.902130e-04 -1.663280e-03 -4.337560e-04 -2.600890e-03 -2.074820e-03 -3.335100e-03 -1.758200e-03 -4.067050e-03  1.204280e-04 -2.911340e-03 -1.330900e-03 -1.465280e-03 -7.016120e-03 -8.215870e-03 -8.240980e-03 -1.043090e-02 -1.498520e-02 -1.723690e-02 -2.349960e-02 -4.362880e-02  1.000000e+00 -5.366460e-02 -3.446410e-02 -2.505950e-02 -1.575450e-02 -6.864660e-03 -3.755840e-03 -7.067090e-03 -6.779840e-03 -1.019950e-02 -6.669590e-03
-1.173020e-03 -3.611440e-04 -3.244060e-04 -3.065470e-03 -3.851770e-03 -4.798670e-03 -5.281490e-03 -4.215280e-03 -4.106310e-03 -2.823740e-03 -4.480770e-03 -6.200290e-03 -1.948730e-03 -3.886390e-03 -2.764730e-03 -7.703740e-03 -8.798240e-03 -1.141150e-02 -1.295060e-02 -1.800290e-02 -2.651080e-02 -5.366460e-02  1.000000e+00 -5.359850e-02 -3.398410e-02 -2.268830e-02 -1.301020e-02 -8.667100e-03 -8.444340e-03 -9.520760e-03 -8.864230e-03 -5.954530e-03
-2.264550e-03 -5.145920e-03 -5.135660e-04 -1.690430e-03 -5.382060e-03 -9.993920e-04 -5.460710e-03 -4.312720e-03 -2.960880e-03 -1.663360e-03 -2.525870e-03 -6.779810e-03 -4.843080e-03 -2.732250e-03 -4.026710e-03 -4.777800e-03 -8.730450e-03 -8.454730e-03 -1.136410e-02 -1.283210e-02 -2.388570e-02 -3.446410e-02 -5.359850e-02  1.000000e+00 -4.804480e-02 -2.551640e-02 -1.744360e-02 -1.193860e-02 -1.404030e-02 -8.993500e-03 -1.173040e-02 -7.746420e-03
 2.601440e-04  9.588310e-04  1.193320e-03 -1.745100e-03  2.611670e-04 -3.525550e-03 -8.376880e-04 -1.769630e-03 -2.575820e-03 -1.693030e-03 -5.710660e-03 -6.687870e-03 -3.951570e-03 -4.043130e-03 -8.178720e-04 -7.498080e-03 -6.135830e-03 -7.731790e-03 -7.753460e-03 -1.272970e-02 -1.614030e-02 -2.505950e-02 -3.398410e-02 -4.804480e-02  1.000000e+00 -4.226300e-02 -2.294000e-02 -2.449770e-02 -1.712100e-02 -1.629450e-02 -1.149660e-02 -1.051110e-02
 1.967390e-03 -2.232460e-03  2.679520e-03  4.886720e-03 -1.075120e-03  1.588270e-03 -1.467050e-03 -3.808460e-04  5.121210e-04 -1.398600e-03 -3.528670e-03 -4.908250e-03 -7.928140e-03 -2.561260e-03 -3.486270e-03 -5.624630e-03 -9.539840e-03 -5.874720e-03 -7.676870e-03 -6.255760e-03 -1.210780e-02 -1.575450e-02 -2.268830e-02 -2.551640e-02 -4.226300e-02  1.000000e+00 -4.818800e-02 -3.003590e-02 -3.238360e-02 -1.505660e-02 -1.674830e-02 -1.200260e-02
-2.427260e-03 -1.901010e-03  2.221190e-03  1.702880e-03  1.357710e-03 -1.587160e-04 -1.557030e-03 -3.104540e-03 -9.754660e-04  1.944490e-03 -7.402920e-04 -3.040170e-03 -2.175490e-04 -3.193150e-03 -1.216160e-03 -4.706630e-03 -6.260390e-03 -4.751560e-03 -5.461260e-03 -6.313910e-03 -6.509390e-03 -6.864660e-03 -1.301020e-02 -1.744360e-02 -2.294000e-02 -4.818800e-02  1.000000e+00 -6.823610e-02 -3.800150e-02 -3.153890e-02 -1.804160e-02 -1.835080e-02
 4.278050e-03 -2.322590e-03  4.540530e-03  6.199900e-03 -2.513800e-04  1.624950e-03 -3.887180e-03 -2.609620e-03 -1.183240e-03 -1.922120e-03 -4.917340e-05 -2.419170e-04 -4.591190e-03  1.379230e-03 -1.806280e-04 -1.185650e-04 -1.598820e-03 -4.386640e-03 -3.412260e-03 -2.500100e-03 -3.912680e-03 -3.755840e-03 -8.667100e-03 -1.193860e-02 -2.449770e-02 -3.003590e-02 -6.823610e-02  1.000000e+00 -7.959550e-02 -3.411350e-02 -2.955740e-02 -1.632750e-02
 1.560510e-03  9.440570e-04  2.320190e-03  2.479040e-03  1.628600e-03 -1.904960e-03  3.643020e-04 -4.759750e-03 -1.169610e-03 -7.853880e-04 -1.604900e-03 -2.434540e-03 -3.043130e-03 -1.945250e-03 -1.840030e-03 -2.045570e-03 -2.412220e-03 -2.227510e-03 -3.250590e-03 -2.687940e-03 -4.408080e-03 -7.067090e-03 -8.444340e-03 -1.404030e-02 -1.712100e-02 -3.238360e-02 -3.800150e-02 -7.959550e-02  1.000000e+00 -7.779720e-02 -3.639180e-02 -3.151710e-02
 1.660460e-03 -2.584830e-03  1.067340e-03  3.241420e-03 -3.599570e-04  2.503130e-03 -3.712180e-03  1.632950e-03 -3.202600e-03 -2.248290e-03 -9.258690e-04 -9.872650e-04 -1.065040e-03 -1.524240e-03 -4.066600e-03 -9.644340e-04  6.222670e-05 -8.972100e-03 -8.326020e-04 -4.370890e-03 -4.988740e-03 -6.779840e-03 -9.520760e-03 -8.993500e-03 -1.629450e-02 -1.505660e-02 -3.153890e-02 -3.411350e-02 -7.779720e-02  1.000000e+00 -7.281030e-02 -4.233010e-02
 5.360580e-04  2.885630e-03 -4.682830e-04  5.858700e-04  1.126180e-03 -2.225270e-03  3.582160e-03  1.309080e-03  1.946900e-04 -5.146020e-04 -6.195680e-04  1.737340e-03 -1.311470e-04 -1.380790e-03 -2.829150e-03 -5.991420e-04 -2.649460e-03 -5.728390e-04 -5.778180e-03 -2.930330e-03 -4.411040e-03 -1.019950e-02 -8.864230e-03 -1.173040e-02 -1.149660e-02 -1.674830e-02 -1.804160e-02 -2.955740e-02 -3.639180e-02 -7.281030e-02  1.000000e+00 -7.849380e-02
 1.537110e-03 -2.743860e-04  2.765590e-04  8.681810e-05 -5.657070e-05  1.715530e-03  2.031710e-03  4.265700e-03 -5.582630e-04 -2.730700e-04  1.160760e-03  1.137340e-03 -2.017160e-03 -1.753280e-03 -5.216350e-03 -2.109210e-03 -3.212410e-03 -6.073420e-03 -5.823600e-03 -4.644180e-03 -4.808990e-03 -6.669590e-03 -5.954530e-03 -7.746420e-03 -1.051110e-02 -1.200260e-02 -1.835080e-02 -1.632750e-02 -3.151710e-02 -4.233010e-02 -7.849380e-02  1.000000e+00
