  1.0000  0.2312 -0.0513 -0.0483  0.0943 -0.1385  0.0504 -0.1548 -0.6190  0.3904  0.6101  0.0683 -0.0274
  0.2312  1.0000 -0.1523  0.0397  0.3556  0.0219 -0.3646 -0.1661 -0.6959  0.1815 -0.3378  0.4202  0.0208
 -0.0513 -0.1523  1.0000 -0.2933 -0.3919 -0.0280  0.0721  0.4125  0.0368 -0.0293  0.0684 -0.1170  0.0152
 -0.0483  0.0397 -0.2933  1.0000  0.5297  0.1051 -0.0759  0.0796  0.1245 -0.1632 -0.0570  0.0413  0.0479
  0.0943  0.3556 -0.3919  0.5297  1.0000  0.0539 -0.1226 -0.3059 -0.1224 -0.1207 -0.1296  0.2018  0.0096
 -0.1385  0.0219 -0.0280  0.1051  0.0539  1.0000 -0.3537  0.0459  0.2918 -0.2468 -0.0473 -0.1885  0.2780
  0.0504 -0.3646  0.0721 -0.0759 -0.1226 -0.3537  1.0000  0.0606 -0.1742  0.1232  0.1544 -0.1543 -0.1355
 -0.1548 -0.1661  0.4125  0.0796 -0.3059  0.0459  0.0606  1.0000  0.1519  0.1456  0.0068 -0.0890  0.0370
 -0.6190 -0.6959  0.0368  0.1245 -0.1224  0.2918 -0.1742  0.1519  1.0000 -0.5392 -0.2271 -0.1165  0.0841
  0.3904  0.1815 -0.0293 -0.1632 -0.1207 -0.2468  0.1232  0.1456 -0.5392  1.0000  0.4176 -0.1630 -0.0950
  0.6101 -0.3378  0.0684 -0.0570 -0.1296 -0.0473  0.1544  0.0068 -0.2271  0.4176  1.0000 -0.5910 -0.0462
  0.0683  0.4202 -0.1170  0.0413  0.2018 -0.1885 -0.1543 -0.0890 -0.1165 -0.1630 -0.5910  1.0000  0.0880
 -0.0274  0.0208  0.0152  0.0479  0.0096  0.2780 -0.1355  0.0370  0.0841 -0.0950 -0.0462  0.0880  1.0000
